Delta Mass	USI	Cosine	Matching Peaks	Status
0.0	mzspec:MSV000079697:group3_P2_G6:scan:822	1.0	10	NoID
0.0	mzspec:MSV000079706:group3_P2_G6:scan:822	1.0	10	NoID
0.0	mzspec:MSV000084314:MSV000083320:scan:27549	0.99	9	NoID
0.0	mzspec:MSV000084314:MSV000079717:scan:1534	0.99	9	NoID
0.0	mzspec:MSV000084314:MSV000079709:scan:2702	0.99	9	NoID
0.0	mzspec:MSV000083320:99851:scan:1065	0.99	9	NoID
0.0	mzspec:MSV000079697:group5_P2_F3:scan:828	0.98	10	NoID
-0.0	mzspec:MSV000083320:99681:scan:1047	0.98	10	NoID
0.0	mzspec:MSV000079719:group5_P2_F3:scan:828	0.98	10	NoID
-0.0	mzspec:MSV000084314:MSV000079712:scan:1821	0.98	9	NoID
0.0	mzspec:MSV000083320:99616:scan:1097	0.97	10	NoID
-0.0	mzspec:MSV000083559:11713.2.S.2D:scan:782	0.97	9	NoID
0.0	mzspec:MSV000084314:MSV000079697:scan:63020	0.97	9	NoID
0.0	mzspec:MSV000079697:group1_P1_D2:scan:782	0.97	9	NoID
0.0	mzspec:MSV000083320:99362:scan:1008	0.97	9	NoID
0.0	mzspec:MSV000079709:group1_P1_D2:scan:782	0.97	9	NoID
0.0	mzspec:MSV000079719:group5_P2_F5:scan:824	0.96	10	NoID
0.0	mzspec:MSV000079697:group5_P2_F5:scan:824	0.96	10	NoID
0.0	mzspec:MSV000079697:group2_P2_E5:scan:830	0.96	9	NoID
0.0	mzspec:MSV000079697:group1_P1_D1:scan:797	0.96	9	NoID
0.0	mzspec:MSV000079717:group2_P2_E5:scan:830	0.96	9	NoID
0.0	mzspec:MSV000079697:group2_P2_G9:scan:785	0.96	9	NoID
0.0	mzspec:MSV000079709:group1_P1_D1:scan:797	0.96	9	NoID
0.0	mzspec:MSV000083559:11713.15.S.15A:scan:778	0.96	9	NoID
0.0	mzspec:MSV000079717:group2_P2_G9:scan:785	0.96	9	NoID
0.0	mzspec:MSV000079710:group1_P1_H8:scan:826	0.96	9	NoID
0.0	mzspec:MSV000079697:group1_P1_H8:scan:826	0.96	9	NoID
0.0	mzspec:MSV000079720:group5_P1_A8:scan:834	0.95	10	NoID
0.0	mzspec:MSV000079697:group5_P1_A8:scan:834	0.95	10	NoID
0.0	mzspec:MSV000084314:MSV000079720:scan:3927	0.95	9	NoID
0.0	mzspec:MSV000079717:group2_P2_F6:scan:816	0.95	9	NoID
0.0	mzspec:MSV000079697:group3_P2_E8:scan:830	0.95	9	NoID
0.0	mzspec:MSV000079697:group2_P2_F6:scan:816	0.95	9	NoID
0.0	mzspec:MSV000079697:group2_P1_G4:scan:851	0.95	9	NoID
0.0	mzspec:MSV000083320:99570:scan:1061	0.95	9	NoID
0.0	mzspec:MSV000083559:11713.13.S.13G:scan:787	0.95	9	NoID
-0.0	mzspec:MSV000082953:P2_B10:scan:1223	0.95	9	NoID
0.0	mzspec:MSV000079714:group4_P2_B7:scan:960	0.95	9	NoID
0.0	mzspec:MSV000079697:group2_P1_G6:scan:840	0.95	9	NoID
0.0	mzspec:MSV000079697:group4_P2_B7:scan:960	0.95	9	NoID
0.0	mzspec:MSV000079706:group3_P2_E8:scan:830	0.95	9	NoID
0.0	mzspec:MSV000079697:group4_P2_B2:scan:813	0.95	9	NoID
0.0	mzspec:MSV000079718:group2_P1_G6:scan:840	0.95	9	NoID
0.0	mzspec:MSV000079718:group2_P1_G4:scan:851	0.95	9	NoID
0.0	mzspec:MSV000079714:group4_P2_B2:scan:813	0.95	9	NoID
0.0	mzspec:MSV000079697:group4_P1_F1:scan:846	0.94	9	NoID
0.0	mzspec:MSV000079714:group4_P2_G11:scan:825	0.94	9	NoID
0.0	mzspec:MSV000079717:group2_P1_A10:scan:819	0.94	9	NoID
0.0	mzspec:MSV000079697:group3_P1_H9:scan:835	0.94	9	NoID
0.0	mzspec:MSV000079714:group4_P2_F1:scan:848	0.94	9	NoID
0.0	mzspec:MSV000079706:group3_P2_G4:scan:821	0.94	9	NoID
0.0	mzspec:MSV000079706:group3_P1_F5:scan:831	0.94	9	NoID
0.0	mzspec:MSV000079697:group2_P1_A10:scan:819	0.94	9	NoID
0.0	mzspec:MSV000079697:group3_P1_F5:scan:831	0.94	9	NoID
0.0	mzspec:MSV000079720:group5_P1_A6:scan:831	0.94	9	NoID
0.0	mzspec:MSV000079697:group4_P2_F1:scan:848	0.94	9	NoID
0.0	mzspec:MSV000079697:group4_P2_G11:scan:825	0.94	9	NoID
0.0	mzspec:MSV000079697:group4_P2_B8:scan:812	0.94	9	NoID
0.0	mzspec:MSV000079717:group2_P2_D3:scan:823	0.94	9	NoID
0.0	mzspec:MSV000079712:group4_P1_F1:scan:846	0.94	9	NoID
0.0	mzspec:MSV000079706:group3_P1_H9:scan:835	0.94	9	NoID
0.0	mzspec:MSV000079697:group2_P2_D3:scan:823	0.94	9	NoID
0.0	mzspec:MSV000079697:group3_P2_G4:scan:821	0.94	9	NoID
0.0	mzspec:MSV000079714:group4_P2_B8:scan:812	0.94	9	NoID
0.0	mzspec:MSV000082331:D10_Hand_swab_Tomato:scan:1327	0.94	9	NoID
0.0	mzspec:MSV000079697:group5_P1_A6:scan:831	0.94	9	NoID
0.0	mzspec:MSV000079706:group3_P2_B11:scan:828	0.94	8	NoID
0.0	mzspec:MSV000079697:group3_P2_B11:scan:828	0.94	8	NoID
0.0	mzspec:MSV000079697:group2_P1_G1:scan:852	0.93	10	NoID
0.0	mzspec:MSV000079718:group2_P1_G1:scan:852	0.93	10	NoID
0.0	mzspec:MSV000079697:group4_P2_B1:scan:809	0.93	9	NoID
0.0	mzspec:MSV000079718:group2_P2_A7:scan:831	0.93	9	NoID
0.0	mzspec:MSV000079717:group2_P2_E7:scan:845	0.93	9	NoID
0.0	mzspec:MSV000079697:group4_P2_C5:scan:976	0.93	9	NoID
-0.02	mzspec:MSV000088021:KB_2020_134:scan:795	0.93	9	NoID
0.0	mzspec:MSV000079697:group5_P1_A5:scan:866	0.93	9	NoID
0.0	mzspec:MSV000079720:group5_P1_A1:scan:849	0.93	9	NoID
0.0	mzspec:MSV000082953:P2_A12:scan:886	0.93	9	NoID
0.0	mzspec:MSV000079697:group2_P2_D5:scan:832	0.93	9	NoID
0.0	mzspec:MSV000079697:group2_P2_B4:scan:824	0.93	9	NoID
0.0	mzspec:MSV000079714:group4_P2_C5:scan:976	0.93	9	NoID
0.0	mzspec:MSV000079697:group2_P2_A7:scan:831	0.93	9	NoID
0.0	mzspec:MSV000079697:group2_P2_E7:scan:845	0.93	9	NoID
0.0	mzspec:MSV000079697:group5_P2_C12:scan:830	0.93	9	NoID
0.0	mzspec:MSV000079697:group2_P1_G3:scan:847	0.93	9	NoID
0.0	mzspec:MSV000079697:group5_P1_A1:scan:849	0.93	9	NoID
0.0	mzspec:MSV000079718:group2_P1_G3:scan:847	0.93	9	NoID
0.0	mzspec:MSV000079697:group4_P2_F6:scan:819	0.93	9	NoID
0.0	mzspec:MSV000079706:group3_P1_F8:scan:841	0.93	9	NoID
0.0	mzspec:MSV000079697:group3_P1_B7:scan:821	0.93	9	NoID
0.0	mzspec:MSV000079720:group5_P2_C12:scan:830	0.93	9	NoID
0.0	mzspec:MSV000082953:P1_D7:scan:1223	0.93	9	NoID
0.0	mzspec:MSV000079697:group3_P1_F8:scan:841	0.93	9	NoID
0.0	mzspec:MSV000079720:group5_P1_A5:scan:866	0.93	9	NoID
0.0	mzspec:MSV000079714:group4_P2_B1:scan:809	0.93	9	NoID
0.0	mzspec:MSV000079717:group2_P2_B4:scan:824	0.93	9	NoID
0.0	mzspec:MSV000079697:group2_P2_C7:scan:838	0.93	9	NoID
0.0	mzspec:MSV000079718:group2_P2_C7:scan:838	0.93	9	NoID
0.0	mzspec:MSV000079707:group3_P1_B7:scan:821	0.93	9	NoID
0.0	mzspec:MSV000079717:group2_P2_D5:scan:832	0.93	9	NoID
0.0	mzspec:MSV000079714:group4_P2_F6:scan:819	0.93	9	NoID
0.0	mzspec:MSV000083320:99598:scan:1098	0.92	9	NoID
0.0	mzspec:MSV000079697:group2_P1_G5:scan:845	0.92	9	NoID
0.0	mzspec:MSV000079697:group4_P2_C12:scan:939	0.92	9	NoID
0.0	mzspec:MSV000082953:P2_A8:scan:1199	0.92	9	NoID
0.0	mzspec:MSV000079697:group4_P2_G6:scan:825	0.92	9	NoID
0.0	mzspec:MSV000082953:P3_A7:scan:1195	0.92	9	NoID
0.0	mzspec:MSV000083559:11713.2.O.2A:scan:794	0.92	9	NoID
0.0	mzspec:MSV000079697:group2_P2_A8:scan:807	0.92	9	NoID
0.0	mzspec:MSV000079697:group3_P1_F7:scan:823	0.92	9	NoID
0.0	mzspec:MSV000079697:group2_P2_F9:scan:827	0.92	9	NoID
0.0	mzspec:MSV000079714:group4_P2_G6:scan:825	0.92	9	NoID
0.0	mzspec:MSV000079717:group2_P2_A8:scan:807	0.92	9	NoID
0.0	mzspec:MSV000079718:group2_P1_F11:scan:857	0.92	9	NoID
0.0	mzspec:MSV000082433:M-437:scan:741	0.92	9	NoID
0.0	mzspec:MSV000079697:group5_P1_A2:scan:839	0.92	9	NoID
0.0	mzspec:MSV000079717:group2_P2_F9:scan:827	0.92	9	NoID
0.0	mzspec:MSV000079714:group4_P2_C12:scan:939	0.92	9	NoID
0.0	mzspec:MSV000079720:group5_P1_A2:scan:839	0.92	9	NoID
0.0	mzspec:MSV000079697:group2_P1_F11:scan:857	0.92	9	NoID
0.0	mzspec:MSV000079697:group3_P2_C3:scan:841	0.92	9	NoID
0.0	mzspec:MSV000083320:99710:scan:1064	0.92	9	NoID
0.0	mzspec:MSV000079706:group3_P2_C3:scan:841	0.92	9	NoID
0.0	mzspec:MSV000079706:group3_P1_F7:scan:823	0.92	9	NoID
-0.0	mzspec:MSV000083320:99623:scan:1099	0.92	9	NoID
0.0	mzspec:MSV000079718:group2_P1_G5:scan:845	0.92	9	NoID
0.0	mzspec:MSV000082953:P2_D2:scan:1210	0.91	9	NoID
0.0	mzspec:MSV000079697:group1_P2_A6:scan:828	0.91	9	NoID
0.0	mzspec:MSV000082953:P1_D10:scan:1015	0.91	9	NoID
0.0	mzspec:MSV000079710:group1_P2_A6:scan:828	0.91	9	NoID
0.0	mzspec:MSV000079712:group4_P1_D3:scan:960	0.91	9	NoID
0.0	mzspec:MSV000082953:P1_B1:scan:1214	0.91	9	NoID
0.0	mzspec:MSV000079697:group4_P1_D3:scan:960	0.91	9	NoID
0.0	mzspec:MSV000079697:group5_P1_A7_3_160423162823:scan:868	0.91	9	NoID
0.0	mzspec:MSV000082953:P2_D9:scan:933	0.91	9	NoID
0.0	mzspec:MSV000083320:99699:scan:1064	0.91	9	NoID
-0.0	mzspec:MSV000079706:group3_P1_F10:scan:847	0.91	9	NoID
-0.0	mzspec:MSV000079706:group3_P1_F3:scan:849	0.91	9	NoID
0.0	mzspec:MSV000082953:P1_D4:scan:1131	0.91	9	NoID
0.0	mzspec:MSV000079712:group4_P1_G7:scan:845	0.91	9	NoID
0.0	mzspec:MSV000079710:group1_P2_B6:scan:839	0.91	9	NoID
0.0	mzspec:MSV000079697:group1_P2_B6:scan:839	0.91	9	NoID
0.0	mzspec:MSV000083320:99509:scan:1087	0.91	9	NoID
0.0	mzspec:MSV000079697:group4_P1_G7:scan:845	0.91	9	NoID
0.0	mzspec:MSV000079697:group2_P2_C11:scan:831	0.91	9	NoID
0.0	mzspec:MSV000083320:99863:scan:1062	0.91	9	NoID
-0.0	mzspec:MSV000079697:group3_P1_F3:scan:849	0.91	9	NoID
0.0	mzspec:MSV000079718:group2_P2_C11:scan:831	0.91	9	NoID
-0.0	mzspec:MSV000079697:group3_P1_F10:scan:847	0.91	9	NoID
0.0	mzspec:MSV000083320:99653:scan:1043	0.91	9	NoID
0.0	mzspec:MSV000083320:99700:scan:1041	0.91	9	NoID
0.0	mzspec:MSV000079720:group5_P1_A7_3_160423162823:scan:868	0.91	9	NoID
0.0	mzspec:MSV000083559:11713.8.S.8C:scan:787	0.91	9	NoID
0.0	mzspec:MSV000079717:group2_P2_G8:scan:838	0.91	9	NoID
0.0	mzspec:MSV000082953:P5_D8:scan:1198	0.91	9	NoID
0.0	mzspec:MSV000082953:P1_C2:scan:1108	0.91	9	NoID
0.0	mzspec:MSV000079697:group4_P2_E9:scan:840	0.91	9	NoID
0.0	mzspec:MSV000083320:99589:scan:1057	0.91	9	NoID
0.0	mzspec:MSV000079697:group2_P2_G8:scan:838	0.91	9	NoID
0.0	mzspec:MSV000079697:group3_P1_F4:scan:839	0.91	9	NoID
0.0	mzspec:MSV000079714:group4_P2_E9:scan:840	0.91	9	NoID
0.0	mzspec:MSV000079706:group3_P1_F4:scan:839	0.91	9	NoID
0.0	mzspec:MSV000083320:99327:scan:1061	0.91	9	NoID
0.0	mzspec:MSV000083320:99538:scan:976	0.91	8	NoID
0.0	mzspec:MSV000079717:group2_P1_A12:scan:813	0.91	8	NoID
0.0	mzspec:MSV000079697:group2_P1_A12:scan:813	0.91	8	NoID
0.01	mzspec:MSV000084314:MSV000079706:scan:1508	0.91	8	NoID
0.0	mzspec:MSV000083320:99410:scan:976	0.91	8	NoID
0.0	mzspec:MSV000079697:group4_P2_B12:scan:823	0.91	8	NoID
0.01	mzspec:MSV000084314:MSV000083559:scan:39961	0.91	8	NoID
0.0	mzspec:MSV000082331:C9_Hand_swab_pre_Mango:scan:1433	0.91	8	NoID
0.0	mzspec:MSV000079714:group4_P2_B12:scan:823	0.91	8	NoID
0.0	mzspec:MSV000083320:99390:scan:1053	0.9	10	NoID
0.0	mzspec:MSV000083559:11713.6.O.6C:scan:802	0.9	9	NoID
0.0	mzspec:MSV000083559:11713.10.O.10A:scan:834	0.9	9	NoID
0.0	mzspec:MSV000079718:group2_P2_D2:scan:815	0.9	9	NoID
0.0	mzspec:MSV000079710:group1_P1_B2:scan:815	0.9	9	NoID
0.0	mzspec:MSV000079714:group4_P2_A11:scan:817	0.9	9	NoID
0.0	mzspec:MSV000079697:group5_P1_A3:scan:842	0.9	9	NoID
0.0	mzspec:MSV000082953:Pooled_QC_mid_180918180937:scan:1207	0.9	9	NoID
0.0	mzspec:MSV000079697:group3_P1_C5:scan:808	0.9	9	NoID
0.0	mzspec:MSV000083559:11713.13.O.13D:scan:768	0.9	9	NoID
-0.0	mzspec:MSV000082953:P1_C11:scan:1192	0.9	9	NoID
0.0	mzspec:MSV000079697:group5_P2_H5:scan:830	0.9	9	NoID
0.0	mzspec:MSV000083559:11713.9.O.9B:scan:769	0.9	9	NoID
0.0	mzspec:MSV000079697:group4_P2_D1:scan:830	0.9	9	NoID
0.0	mzspec:MSV000083559:11713.17.S.17B:scan:839	0.9	9	NoID
0.0	mzspec:MSV000082953:P4_B3:scan:1212	0.9	9	NoID
0.0	mzspec:MSV000079697:group1_P1_B2:scan:815	0.9	9	NoID
0.0	mzspec:MSV000079697:group1_P2_G1:scan:837	0.9	9	NoID
0.0	mzspec:MSV000082953:P3_C10:scan:1038	0.9	9	NoID
0.0	mzspec:MSV000083320:99758:scan:1023	0.9	9	NoID
0.0	mzspec:MSV000079697:group2_P2_G1:scan:855	0.9	9	NoID
0.0	mzspec:MSV000079697:group3_P1_B9:scan:837	0.9	9	NoID
0.0	mzspec:MSV000079697:group4_P2_A11:scan:817	0.9	9	NoID
0.0	mzspec:MSV000079697:group2_P2_D2:scan:815	0.9	9	NoID
0.0	mzspec:MSV000083559:11713.2.O.2B:scan:693	0.9	9	NoID
0.0	mzspec:MSV000079707:group3_P1_B9:scan:837	0.9	9	NoID
-0.0	mzspec:MSV000079706:group3_P2_F7:scan:947	0.9	9	NoID
0.0	mzspec:MSV000083559:11713.16.O.16D:scan:797	0.9	9	NoID
0.0	mzspec:MSV000079717:group2_P2_G1:scan:855	0.9	9	NoID
0.0	mzspec:MSV000079697:group5_P2_F10:scan:839	0.9	9	NoID
0.0	mzspec:MSV000083559:11713.25.S.25G:scan:765	0.9	9	NoID
0.0	mzspec:MSV000079719:group5_P2_F10:scan:839	0.9	9	NoID
0.0	mzspec:MSV000083559:11713.24.S.24E:scan:775	0.9	9	NoID
0.0	mzspec:MSV000079718:group2_P1_F8:scan:842	0.9	9	NoID
0.0	mzspec:MSV000079712:group4_P1_G6:scan:834	0.9	9	NoID
-0.0	mzspec:MSV000079697:group3_P2_F7:scan:947	0.9	9	NoID
0.0	mzspec:MSV000079697:group4_P2_G1:scan:954	0.9	9	NoID
0.0	mzspec:MSV000079714:group4_P2_G1:scan:954	0.9	9	NoID
0.0	mzspec:MSV000079719:group5_P2_H5:scan:830	0.9	9	NoID
0.0	mzspec:MSV000079714:group4_P2_D1:scan:830	0.9	9	NoID
0.0	mzspec:MSV000079707:group3_P1_C5:scan:808	0.9	9	NoID
0.0	mzspec:MSV000079710:group1_P2_G1:scan:837	0.9	9	NoID
0.0	mzspec:MSV000079720:group5_P1_A3:scan:842	0.9	9	NoID
0.0	mzspec:MSV000079697:group4_P1_G6:scan:834	0.9	9	NoID
0.0	mzspec:MSV000079697:group2_P1_F8:scan:842	0.9	9	NoID
0.0	mzspec:MSV000079714:group4_P2_C3:scan:820	0.9	8	NoID
0.0	mzspec:MSV000082953:P1_D6:scan:948	0.9	8	NoID
0.0	mzspec:MSV000079697:group4_P2_B9:scan:803	0.9	8	NoID
0.0	mzspec:MSV000079714:group4_P2_B9:scan:803	0.9	8	NoID
0.0	mzspec:MSV000079697:group4_P2_C3:scan:820	0.9	8	NoID
-0.0	mzspec:MSV000085944:skin_09_720_FH:scan:976	0.9	8	NoID
0.0	mzspec:MSV000086415:17929065:scan:900	0.9	8	NoID
0.0	mzspec:MSV000083300:blank_Re_plate_1_p:scan:805	0.9	8	NoID
0.0	mzspec:MSV000082953:P1_C9:scan:1129	0.89	9	NoID
0.0	mzspec:MSV000079714:group4_P2_G7:scan:830	0.89	9	NoID
0.0	mzspec:MSV000082331:F8_Hand_swab_pre_Cucumber:scan:1775	0.89	9	NoID
0.0	mzspec:MSV000079697:group4_P2_A3:scan:848	0.89	9	NoID
0.0	mzspec:MSV000082953:P1_B7:scan:1217	0.89	9	NoID
0.0	mzspec:MSV000083320:99524:scan:907	0.89	9	NoID
0.0	mzspec:MSV000079706:group3_P1_H4:scan:858	0.89	9	NoID
0.0	mzspec:MSV000079709:group1_P1_C7:scan:802	0.89	9	NoID
0.0	mzspec:MSV000082953:P5_C11:scan:1081	0.89	9	NoID
0.0	mzspec:MSV000079697:group4_P2_B5:scan:832	0.89	9	NoID
0.0	mzspec:MSV000079697:group2_P2_A6:scan:833	0.89	9	NoID
0.0	mzspec:MSV000079697:group5_P2_H1:scan:818	0.89	9	NoID
0.0	mzspec:MSV000079707:group3_P1_D5:scan:843	0.89	9	NoID
0.0	mzspec:MSV000079697:group3_P2_F10:scan:899	0.89	9	NoID
0.0	mzspec:MSV000083320:99402:scan:1071	0.89	9	NoID
0.0	mzspec:MSV000079717:group2_P2_B2:scan:834	0.89	9	NoID
0.0	mzspec:MSV000079697:group2_P1_B7:scan:814	0.89	9	NoID
0.0	mzspec:MSV000079719:group5_P2_F8:scan:838	0.89	9	NoID
0.0	mzspec:MSV000079697:group3_P1_G8:scan:833	0.89	9	NoID
0.0	mzspec:MSV000079720:group5_P1_A4:scan:836	0.89	9	NoID
0.04	mzspec:MSV000083559:11713.11.O.11F:scan:813	0.89	9	NoID
0.0	mzspec:MSV000079697:group3_P2_G3:scan:823	0.89	9	NoID
0.0	mzspec:MSV000079706:group3_P2_G3:scan:823	0.89	9	NoID
0.0	mzspec:MSV000079697:group3_P1_D5:scan:843	0.89	9	NoID
0.0	mzspec:MSV000079697:group1_P1_C7:scan:802	0.89	9	NoID
0.0	mzspec:MSV000079714:group4_P2_B5:scan:832	0.89	9	NoID
0.0	mzspec:MSV000079697:group5_P1_A4:scan:836	0.89	9	NoID
0.0	mzspec:MSV000079706:group3_P1_G8:scan:833	0.89	9	NoID
0.0	mzspec:MSV000079706:group3_P2_F10:scan:899	0.89	9	NoID
0.0	mzspec:MSV000080905:P3_EMP_37:scan:779	0.89	9	NoID
0.0	mzspec:MSV000079714:group4_P2_G9:scan:840	0.89	9	NoID
0.0	mzspec:MSV000079697:group3_P1_H4:scan:858	0.89	9	NoID
0.0	mzspec:MSV000083559:11713.9.S.9E:scan:836	0.89	9	NoID
0.0	mzspec:MSV000083559:11713.5.F.5B:scan:802	0.89	9	NoID
-0.0	mzspec:MSV000079706:group3_P2_D3:scan:869	0.89	9	NoID
0.0	mzspec:MSV000083320:99594:scan:1090	0.89	9	NoID
0.0	mzspec:MSV000079718:group2_P1_B7:scan:814	0.89	9	NoID
0.0	mzspec:MSV000079718:group2_P2_A6:scan:833	0.89	9	NoID
0.0	mzspec:MSV000079719:group5_P2_H1:scan:818	0.89	9	NoID
0.0	mzspec:MSV000079714:group4_P2_A3:scan:848	0.89	9	NoID
0.04	mzspec:MSV000083320:99882:scan:1037	0.89	9	NoID
0.0	mzspec:MSV000079697:group4_P2_G7:scan:830	0.89	9	NoID
0.0	mzspec:MSV000079697:group5_P2_F8:scan:838	0.89	9	NoID
0.0	mzspec:MSV000079697:group4_P2_G9:scan:840	0.89	9	NoID
0.0	mzspec:MSV000079697:group3_P1_C7:scan:814	0.89	9	NoID
0.0	mzspec:MSV000079707:group3_P1_C7:scan:814	0.89	9	NoID
-0.0	mzspec:MSV000079697:group3_P2_D3:scan:869	0.89	9	NoID
0.0	mzspec:MSV000079717:group2_P2_E8:scan:826	0.89	9	NoID
0.0	mzspec:MSV000079697:group2_P2_E8:scan:826	0.89	9	NoID
0.0	mzspec:MSV000079697:group2_P2_B2:scan:834	0.89	9	NoID
0.0	mzspec:MSV000083320:99316:scan:1079	0.89	9	NoID
0.04	mzspec:MSV000083559:11713.10.O.10H.P2:scan:822	0.89	8	NoID
0.0	mzspec:MSV000082433:M-216:scan:879	0.89	8	NoID
0.0	mzspec:MSV000084314:MSV000079707:scan:946	0.89	8	NoID
0.0	mzspec:MSV000079717:group2_P2_G7:scan:846	0.89	8	NoID
0.0	mzspec:MSV000079717:group2_P1_C12:scan:822	0.89	8	NoID
0.0	mzspec:MSV000082331:E3_Bell_pepper:scan:1176	0.89	8	NoID
-0.0	mzspec:MSV000084314:MSV000087087:scan:40849	0.89	8	NoID
0.0	mzspec:MSV000079714:group4_P2_C7:scan:809	0.89	8	NoID
0.0	mzspec:MSV000079697:group2_P2_G7:scan:846	0.89	8	NoID
0.0	mzspec:MSV000079697:group2_P1_C12:scan:822	0.89	8	NoID
0.0	mzspec:MSV000079697:group4_P2_C7:scan:809	0.89	8	NoID
0.0	mzspec:MSV000079706:group3_P1_F9:scan:849	0.88	9	NoID
0.0	mzspec:MSV000079706:group3_P2_A11:scan:841	0.88	9	NoID
0.0	mzspec:MSV000083559:11713.16.O.16C:scan:790	0.88	9	NoID
0.0	mzspec:MSV000079697:group2_P1_H4:scan:821	0.88	9	NoID
0.0	mzspec:MSV000079718:group2_P1_F9:scan:864	0.88	9	NoID
0.0	mzspec:MSV000079714:group4_P2_E6:scan:892	0.88	9	NoID
0.0	mzspec:MSV000079697:group3_P1_F9:scan:893	0.88	9	NoID
0.0	mzspec:MSV000082953:P5_C10:scan:1068	0.88	9	NoID
0.0	mzspec:MSV000082433:M-0170:scan:886	0.88	9	NoID
0.0	mzspec:MSV000079697:group4_P2_E2:scan:836	0.88	9	NoID
0.0	mzspec:MSV000079718:group2_P2_C3:scan:852	0.88	9	NoID
0.0	mzspec:MSV000079714:group4_P2_E2:scan:836	0.88	9	NoID
-0.0	mzspec:MSV000079706:group3_P2_A3:scan:840	0.88	9	NoID
0.0	mzspec:MSV000079697:group4_P2_E6:scan:892	0.88	9	NoID
0.0	mzspec:MSV000079697:group2_P2_C3:scan:852	0.88	9	NoID
-0.0	mzspec:MSV000079697:group3_P2_A3:scan:840	0.88	9	NoID
0.0	mzspec:MSV000079697:group2_P1_F9:scan:864	0.88	9	NoID
0.0	mzspec:MSV000079718:group2_P1_H4:scan:821	0.88	9	NoID
0.0	mzspec:MSV000079697:group3_P2_A11:scan:841	0.88	9	NoID
0.04	mzspec:MSV000083559:11713.21.F.21D:scan:834	0.88	9	NoID
0.0	mzspec:MSV000079717:group2_P1_C10:scan:817	0.88	9	NoID
0.0	mzspec:MSV000079697:group2_P1_C10:scan:817	0.88	9	NoID
0.0	mzspec:MSV000084314:MSV000082433:scan:41308	0.88	8	NoID
0.0	mzspec:MSV000079712:group4_P1_C9:scan:813	0.88	8	NoID
0.0	mzspec:MSV000082953:P4_B12:scan:937	0.88	8	NoID
0.0	mzspec:MSV000079710:group1_P2_A10:scan:797	0.88	8	NoID
0.0	mzspec:MSV000082953:P1_C8:scan:943	0.88	8	NoID
0.0	mzspec:MSV000083320:99808:scan:907	0.88	8	NoID
0.0	mzspec:MSV000082331:D9_Hand_swab_pre_Tomato:scan:1409	0.88	8	NoID
0.0	mzspec:MSV000083320:99843:scan:886	0.88	8	NoID
0.0	mzspec:MSV000079697:group1_P2_A10:scan:797	0.88	8	NoID
0.0	mzspec:MSV000079697:group4_P2_B6:scan:807	0.88	8	NoID
0.0	mzspec:MSV000084314:MSV000082953:scan:4244	0.88	8	NoID
-0.0	mzspec:MSV000083320:99665:scan:981	0.88	8	NoID
-0.0	mzspec:MSV000088842:24E:scan:973	0.88	8	NoID
0.0	mzspec:MSV000083320:99841:scan:921	0.88	8	NoID
0.0	mzspec:MSV000079697:group5_P2_F11:scan:830	0.88	8	NoID
0.0	mzspec:MSV000079714:group4_P2_B6:scan:807	0.88	8	NoID
0.0	mzspec:MSV000083320:99737:scan:1056	0.88	8	NoID
0.0	mzspec:MSV000082331:F7_Hand_swab_pre_Cucumber:scan:1386	0.88	8	NoID
0.0	mzspec:MSV000083320:99698:scan:1077	0.88	8	NoID
0.0	mzspec:MSV000082331:C7_Hand_swab_pre_Apple_Apple2:scan:1403	0.88	8	NoID
0.0	mzspec:MSV000083320:99663:scan:971	0.88	8	NoID
0.0	mzspec:MSV000083320:99370:scan:941	0.88	8	NoID
0.0	mzspec:MSV000079706:group3_P2_E10:scan:899	0.88	8	NoID
0.0	mzspec:MSV000083320:99312:scan:1064	0.88	8	NoID
0.0	mzspec:MSV000079697:group1_P2_D3:scan:770	0.88	8	NoID
0.0	mzspec:MSV000079697:group1_P1_E2:scan:848	0.88	8	NoID
0.0	mzspec:MSV000079709:group1_P2_D3:scan:770	0.88	8	NoID
0.0	mzspec:MSV000083320:99349:scan:1060	0.88	8	NoID
0.0	mzspec:MSV000083320:99846:scan:978	0.88	8	NoID
0.0	mzspec:MSV000083320:99544:scan:1067	0.88	8	NoID
0.0	mzspec:MSV000079719:group5_P2_F11:scan:830	0.88	8	NoID
0.0	mzspec:MSV000083559:11713.1.F.1C:scan:877	0.88	8	NoID
0.0	mzspec:MSV000079697:group4_P1_C9:scan:813	0.88	8	NoID
0.0	mzspec:MSV000079697:group3_P2_E10:scan:899	0.88	8	NoID
0.0	mzspec:MSV000083320:99617:scan:985	0.88	8	NoID
0.0	mzspec:MSV000083559:11713.8.S.8F:scan:792	0.88	8	NoID
0.0	mzspec:MSV000079709:group1_P1_E2:scan:848	0.88	8	NoID
0.0	mzspec:MSV000080905:P4_EMP_7:scan:784	0.87	9	NoID
0.0	mzspec:MSV000082953:P5_B3:scan:1070	0.87	9	NoID
0.0	mzspec:MSV000082953:P3_A12:scan:1047	0.87	9	NoID
0.0	mzspec:MSV000082433:M-206:scan:810	0.87	9	NoID
0.0	mzspec:MSV000079697:group3_P1_G11:scan:833	0.87	9	NoID
0.0	mzspec:MSV000083320:99754:scan:1043	0.87	9	NoID
0.0	mzspec:MSV000079706:group3_P2_A10:scan:839	0.87	9	NoID
0.0	mzspec:MSV000087612:24:scan:878	0.87	9	NoID
-0.0	mzspec:MSV000083320:99817:scan:1065	0.87	9	NoID
0.0	mzspec:MSV000079697:group3_P2_A10:scan:839	0.87	9	NoID
0.0	mzspec:MSV000079706:group3_P1_G11:scan:833	0.87	9	NoID
0.0	mzspec:MSV000083559:11713.6.S.6B:scan:767	0.87	9	NoID
0.0	mzspec:MSV000083320:99302:scan:1103	0.87	9	NoID
0.0	mzspec:MSV000083320:99532:scan:1069	0.87	9	NoID
0.0	mzspec:MSV000083559:11713.20.S.20F:scan:764	0.87	9	NoID
0.0	mzspec:MSV000082953:P3_C5:scan:975	0.87	8	NoID
-0.02	mzspec:MSV000088021:KB_2020_136:scan:763	0.87	8	NoID
0.0	mzspec:MSV000079706:group3_P2_E3:scan:832	0.87	8	NoID
0.0	mzspec:MSV000082953:blank_swab_mid_180919095718:scan:1123	0.87	8	NoID
-0.0	mzspec:MSV000088640:6034651:scan:916	0.87	8	NoID
0.0	mzspec:MSV000082331:C10_Hand_swab_Mango:scan:1371	0.87	8	NoID
0.0	mzspec:MSV000082331:C8_Hand_swab_Apple_Apple2:scan:1435	0.87	8	NoID
0.0	mzspec:MSV000079707:group3_P1_E12:scan:834	0.87	8	NoID
0.0	mzspec:MSV000083320:99552:scan:1056	0.87	8	NoID
0.0	mzspec:MSV000079697:group1_P1_F2:scan:825	0.87	8	NoID
0.0	mzspec:MSV000083559:11713.7.S.7A:scan:773	0.87	8	NoID
0.0	mzspec:MSV000083320:99688:scan:1067	0.87	8	NoID
0.0	mzspec:MSV000083320:99542:scan:1012	0.87	8	NoID
0.0	mzspec:MSV000082953:P3_C3:scan:1118	0.87	8	NoID
0.0	mzspec:MSV000083559:11713.24.S.24D:scan:760	0.87	8	NoID
0.0	mzspec:MSV000082953:P3_A10:scan:1180	0.87	8	NoID
0.0	mzspec:MSV000083559:11713.3.S.3A:scan:684	0.87	8	NoID
0.0	mzspec:MSV000079697:group2_P2_F5:scan:820	0.87	8	NoID
0.0	mzspec:MSV000082433:M-164:scan:810	0.87	8	NoID
0.0	mzspec:MSV000079697:group4_P2_D4:scan:813	0.87	8	NoID
0.0	mzspec:MSV000083320:99823:scan:936	0.87	8	NoID
0.0	mzspec:MSV000083320:99791:scan:1005	0.87	8	NoID
-0.0	mzspec:MSV000083320:99547:scan:1009	0.87	8	NoID
0.0	mzspec:MSV000079710:group1_P2_G5:scan:808	0.87	8	NoID
0.0	mzspec:MSV000079697:group1_P1_A5:scan:819	0.87	8	NoID
0.0	mzspec:MSV000079710:group1_P1_A5:scan:819	0.87	8	NoID
0.0	mzspec:MSV000079697:group1_P2_G5:scan:808	0.87	8	NoID
0.0	mzspec:MSV000083320:99847:scan:982	0.87	8	NoID
0.0	mzspec:MSV000079706:group3_P2_A5:scan:956	0.87	8	NoID
0.0	mzspec:MSV000083559:11713.13.S.13E:scan:782	0.87	8	NoID
0.0	mzspec:MSV000083559:11713.7.S.7B:scan:789	0.87	8	NoID
0.0	mzspec:MSV000079697:group3_P2_A5:scan:956	0.87	8	NoID
0.0	mzspec:MSV000079697:group3_P1_E12:scan:834	0.87	8	NoID
0.0	mzspec:MSV000079714:group4_P2_D4:scan:813	0.87	8	NoID
0.0	mzspec:MSV000083320:99438:scan:977	0.87	8	NoID
0.0	mzspec:MSV000083320:99434:scan:1072	0.87	8	NoID
0.0	mzspec:MSV000079709:group1_P1_F2:scan:825	0.87	8	NoID
0.0	mzspec:MSV000079697:group3_P2_E3:scan:832	0.87	8	NoID
0.0	mzspec:MSV000082953:P4_D12:scan:1025	0.87	8	NoID
0.0	mzspec:MSV000079709:group1_P1_C6:scan:817	0.87	8	NoID
0.0	mzspec:MSV000079717:group2_P1_C5:scan:817	0.87	8	NoID
0.0	mzspec:MSV000079697:group5_P2_E9:scan:969	0.87	8	NoID
0.0	mzspec:MSV000083320:99861:scan:1065	0.87	8	NoID
0.0	mzspec:MSV000079697:group1_P1_C6:scan:817	0.87	8	NoID
0.0	mzspec:MSV000079717:group2_P2_F5:scan:820	0.87	8	NoID
0.0	mzspec:MSV000079720:group5_P2_E9:scan:969	0.87	8	NoID
0.0	mzspec:MSV000079697:group2_P1_C5:scan:817	0.87	8	NoID
0.0	mzspec:MSV000082433:M-009:scan:895	0.86	9	NoID
0.0	mzspec:MSV000082953:P1_C3:scan:1057	0.86	9	NoID
0.0	mzspec:MSV000083320:99734:scan:1087	0.86	9	NoID
0.0	mzspec:MSV000082953:P3_B11:scan:1063	0.86	9	NoID
0.0	mzspec:MSV000080905:P2_EMP_63:scan:793	0.86	9	NoID
0.0	mzspec:MSV000082953:P1_B9:scan:1067	0.86	9	NoID
0.0	mzspec:MSV000083320:99708:scan:870	0.86	9	NoID
0.0	mzspec:MSV000079714:group4_P2_F9:scan:865	0.86	9	NoID
0.0	mzspec:MSV000079697:group4_P2_F11:scan:940	0.86	9	NoID
0.0	mzspec:MSV000079697:group4_P2_F9:scan:865	0.86	9	NoID
0.0	mzspec:MSV000083320:99455:scan:1126	0.86	9	NoID
0.0	mzspec:MSV000079714:group4_P2_F11:scan:940	0.86	9	NoID
0.0	mzspec:MSV000087087:5556625:scan:859	0.86	9	NoID
0.0	mzspec:MSV000079720:group5_P1_A9:scan:827	0.86	8	NoID
0.0	mzspec:MSV000079706:group3_P2_D4:scan:847	0.86	8	NoID
0.0	mzspec:MSV000082953:P3_C8:scan:1132	0.86	8	NoID
0.0	mzspec:MSV000079697:group2_P1_C3:scan:803	0.86	8	NoID
0.0	mzspec:MSV000079707:group3_P1_D4:scan:835	0.86	8	NoID
0.0	mzspec:MSV000082953:P3_A5:scan:1045	0.86	8	NoID
-0.0	mzspec:MSV000083559:11713.25.F.25E:scan:921	0.86	8	NoID
0.0	mzspec:MSV000079697:group5_P1_A11:scan:830	0.86	8	NoID
-0.0	mzspec:MSV000079719:group5_P2_F7:scan:969	0.86	8	NoID
0.0	mzspec:MSV000082953:P1_A8:scan:966	0.86	8	NoID
0.0	mzspec:MSV000079697:group4_P2_D3:scan:800	0.86	8	NoID
0.0	mzspec:MSV000083559:11713.12.S.12F:scan:799	0.86	8	NoID
-0.0	mzspec:MSV000083320:99619:scan:976	0.86	8	NoID
0.0	mzspec:MSV000079714:group4_P2_D3:scan:800	0.86	8	NoID
0.0	mzspec:MSV000079697:group2_P2_E10:scan:785	0.86	8	NoID
0.0	mzspec:MSV000079697:group4_P2_G5:scan:828	0.86	8	NoID
0.0	mzspec:MSV000079717:group2_P1_E12:scan:825	0.86	8	NoID
0.0	mzspec:MSV000083320:99627:scan:927	0.86	8	NoID
0.0	mzspec:MSV000079714:group4_P2_G5:scan:828	0.86	8	NoID
0.0	mzspec:MSV000083320:99750:scan:1066	0.86	8	NoID
0.0	mzspec:MSV000079697:group2_P1_E12:scan:825	0.86	8	NoID
0.0	mzspec:MSV000079717:group2_P2_E3:scan:807	0.86	8	NoID
0.0	mzspec:MSV000079714:group4_P2_F3:scan:952	0.86	8	NoID
0.0	mzspec:MSV000079706:group3_P2_F5:scan:978	0.86	8	NoID
0.0	mzspec:MSV000087087:5556620:scan:897	0.86	8	NoID
0.0	mzspec:MSV000079706:group3_P2_B6:scan:830	0.86	8	NoID
0.0	mzspec:MSV000083320:99340:scan:979	0.86	8	NoID
0.0	mzspec:MSV000079697:group3_P2_B6:scan:830	0.86	8	NoID
0.0	mzspec:MSV000079697:group3_P2_F5:scan:978	0.86	8	NoID
0.0	mzspec:MSV000083559:11713.18.S.18A.WYH6:scan:779	0.86	8	NoID
0.0	mzspec:MSV000079697:group5_P1_A9:scan:965	0.86	8	NoID
0.0	mzspec:MSV000079717:group2_P1_C9:scan:821	0.86	8	NoID
0.0	mzspec:MSV000083559:11713.16.S.16B:scan:768	0.86	8	NoID
-0.02	mzspec:MSV000084314:MSV000088021:scan:80030	0.86	8	NoID
0.0	mzspec:MSV000082953:P4_C4:scan:1006	0.86	8	NoID
0.0	mzspec:MSV000083320:99848:scan:1061	0.86	8	NoID
0.0	mzspec:MSV000083320:99551:scan:990	0.86	8	NoID
0.0	mzspec:MSV000083559:11713.4.S.4E:scan:773	0.86	8	NoID
0.0	mzspec:MSV000083559:11713.15.S.15F:scan:781	0.86	8	NoID
0.0	mzspec:MSV000083559:11713.17.O.17F:scan:782	0.86	8	NoID
0.0	mzspec:MSV000083559:11713.3.O.3D:scan:768	0.86	8	NoID
0.0	mzspec:MSV000083559:11713.1.S.1F:scan:808	0.86	8	NoID
0.0	mzspec:MSV000082953:P1_D9:scan:1139	0.86	8	NoID
0.0	mzspec:MSV000079697:group2_P2_E3:scan:807	0.86	8	NoID
-0.0	mzspec:MSV000079697:group5_P2_F7:scan:969	0.86	8	NoID
0.0	mzspec:MSV000079697:group4_P2_F3:scan:952	0.86	8	NoID
0.0	mzspec:MSV000083320:99679:scan:1003	0.86	8	NoID
0.0	mzspec:MSV000083320:99345:scan:1064	0.86	8	NoID
0.0	mzspec:MSV000079717:group2_P2_E10:scan:785	0.86	8	NoID
0.0	mzspec:MSV000079697:group2_P1_C9:scan:821	0.86	8	NoID
0.0	mzspec:MSV000082953:P1_A12:scan:902	0.86	8	NoID
-0.0	mzspec:MSV000088842:17D:scan:855	0.86	8	NoID
0.0	mzspec:MSV000082953:P1_D3:scan:998	0.86	8	NoID
0.0	mzspec:MSV000079697:group3_P2_D1:scan:896	0.86	8	NoID
0.0	mzspec:MSV000079697:group4_P2_E10:scan:955	0.86	8	NoID
0.0	mzspec:MSV000083559:11713.23.O.23A:scan:819	0.86	8	NoID
0.0	mzspec:MSV000082953:P1_C7:scan:983	0.86	8	NoID
0.0	mzspec:MSV000082433:M-0011:scan:898	0.86	8	NoID
-0.0	mzspec:MSV000079718:group2_P2_F10:scan:978	0.86	8	NoID
0.0	mzspec:MSV000079718:group2_P1_F12:scan:853	0.86	8	NoID
0.0	mzspec:MSV000082953:P2_C11:scan:955	0.86	8	NoID
0.0	mzspec:MSV000083559:11713.4.S.4G:scan:789	0.86	8	NoID
0.0	mzspec:MSV000082433:M-661:scan:834	0.86	8	NoID
0.0	mzspec:MSV000082953:P5_B10:scan:1220	0.86	8	NoID
-0.0	mzspec:MSV000083320:99624:scan:1081	0.86	8	NoID
0.0	mzspec:MSV000080905:P3_EMP_92:scan:775	0.86	8	NoID
0.0	mzspec:MSV000079710:group1_P2_C1:scan:847	0.86	8	NoID
0.0	mzspec:MSV000083559:11713.16.O.16G:scan:870	0.86	8	NoID
0.0	mzspec:MSV000083320:99787:scan:988	0.86	8	NoID
0.0	mzspec:MSV000079697:group3_P2_E2:scan:971	0.86	8	NoID
0.0	mzspec:MSV000083320:99457:scan:1058	0.86	8	NoID
0.0	mzspec:MSV000079706:group3_P2_D1:scan:896	0.86	8	NoID
0.0	mzspec:MSV000079697:group1_P2_C1:scan:847	0.86	8	NoID
0.0	mzspec:MSV000079697:group2_P1_F12:scan:853	0.86	8	NoID
0.0	mzspec:MSV000083559:11713.12.O.12E:scan:879	0.86	8	NoID
0.0	mzspec:MSV000079697:group3_P1_B8:scan:835	0.86	8	NoID
0.0	mzspec:MSV000083320:99752:scan:1013	0.86	8	NoID
-0.0	mzspec:MSV000083320:99631:scan:989	0.86	8	NoID
0.0	mzspec:MSV000083320:99406:scan:1064	0.86	8	NoID
0.0	mzspec:MSV000079706:group3_P2_E2:scan:971	0.86	8	NoID
0.0	mzspec:MSV000079720:group5_P1_A11:scan:830	0.86	8	NoID
0.0	mzspec:MSV000079697:group2_P1_C11:scan:818	0.86	8	NoID
0.0	mzspec:MSV000083559:11713.21.S.21C:scan:784	0.86	8	NoID
0.0	mzspec:MSV000083320:99806:scan:941	0.86	8	NoID
0.0	mzspec:MSV000083320:99507:scan:974	0.86	8	NoID
0.0	mzspec:MSV000079706:group3_P2_E6:scan:968	0.86	8	NoID
0.0	mzspec:MSV000083320:99550:scan:946	0.86	8	NoID
0.0	mzspec:MSV000083320:99459:scan:1000	0.86	8	NoID
0.0	mzspec:MSV000079714:group4_P2_E10:scan:955	0.86	8	NoID
0.0	mzspec:MSV000079697:group3_P2_D4:scan:847	0.86	8	NoID
0.0	mzspec:MSV000079717:group2_P1_C3:scan:803	0.86	8	NoID
0.0	mzspec:MSV000079697:group3_P1_D4:scan:835	0.86	8	NoID
-0.0	mzspec:MSV000083320:99622:scan:1079	0.86	8	NoID
0.0	mzspec:MSV000087087:5556749:scan:911	0.86	8	NoID
0.0	mzspec:MSV000083559:11713.5.F.5D:scan:902	0.86	8	NoID
-0.0	mzspec:MSV000079697:group2_P2_F10:scan:978	0.86	8	NoID
0.0	mzspec:MSV000079697:group3_P2_E6:scan:968	0.86	8	NoID
0.0	mzspec:MSV000083559:11713.11.F.11D_rep:scan:884	0.86	8	NoID
0.0	mzspec:MSV000083559:11713.15.F.15G.P2:scan:931	0.86	8	NoID
0.0	mzspec:MSV000079717:group2_P1_C11:scan:818	0.86	8	NoID
0.0	mzspec:MSV000079707:group3_P1_B8:scan:835	0.86	8	NoID
0.0	mzspec:MSV000083320:99585:scan:992	0.86	7	NoID
0.0	mzspec:MSV000083559:11713.18.S.18E:scan:781	0.86	7	NoID
0.0	mzspec:MSV000083320:99759:scan:1093	0.85	9	NoID
0.0	mzspec:MSV000079717:group2_P1_A3:scan:801	0.85	9	NoID
0.0	mzspec:MSV000079697:group2_P1_A3:scan:801	0.85	9	NoID
0.0	mzspec:MSV000083320:99686:scan:1063	0.85	9	NoID
0.0	mzspec:MSV000083320:99545:scan:1075	0.85	9	NoID
0.0	mzspec:MSV000082433:M-212:scan:879	0.85	9	NoID
-0.0	mzspec:MSV000087087:5556880:scan:928	0.85	9	NoID
0.0	mzspec:MSV000083559:11713.6.S.6E:scan:780	0.85	8	NoID
0.0	mzspec:MSV000083320:99448:scan:1106	0.85	8	NoID
0.0	mzspec:MSV000083559:11713.9.S.9A:scan:786	0.85	8	NoID
0.0	mzspec:MSV000082953:P3_C6:scan:1058	0.85	8	NoID
0.0	mzspec:MSV000082953:P4_D2:scan:947	0.85	8	NoID
0.0	mzspec:MSV000083559:11713.6.S.6D:scan:788	0.85	8	NoID
0.0	mzspec:MSV000083559:11713.22.S.22G:scan:781	0.85	8	NoID
0.0	mzspec:MSV000082953:P5_A5:scan:1020	0.85	8	NoID
0.0	mzspec:MSV000083320:99575:scan:1109	0.85	8	NoID
0.0	mzspec:MSV000082953:blank_swab_mid_180918212952:scan:931	0.85	8	NoID
0.0	mzspec:MSV000083320:99867:scan:1096	0.85	8	NoID
0.0	mzspec:MSV000082953:P4_D1:scan:1068	0.85	8	NoID
0.0	mzspec:MSV000082953:P5_D12:scan:961	0.85	8	NoID
0.0	mzspec:MSV000082953:P1_B2:scan:1249	0.85	8	NoID
-0.0	mzspec:MSV000088640:6035162:scan:923	0.85	8	NoID
0.0	mzspec:MSV000082953:blank_swab_mid_180918024820:scan:951	0.85	8	NoID
0.0	mzspec:MSV000079697:group3_P1_D1:scan:821	0.85	8	NoID
0.0	mzspec:MSV000082953:blank_swab_mid_180918151601:scan:1013	0.85	8	NoID
0.0	mzspec:MSV000079697:group2_P1_H11:scan:838	0.85	8	NoID
0.0	mzspec:MSV000079697:group3_P1_E11:scan:799	0.85	8	NoID
0.0	mzspec:MSV000083559:11713.5.S.5C:scan:688	0.85	8	NoID
0.0	mzspec:MSV000082953:Pooled_QC_mid_180919161610:scan:1181	0.85	8	NoID
0.0	mzspec:MSV000082953:P3_B1:scan:1193	0.85	8	NoID
-0.0	mzspec:MSV000079697:group2_P1_C8:scan:831	0.85	8	NoID
0.0	mzspec:MSV000082433:454:scan:813	0.85	8	NoID
0.0	mzspec:MSV000079697:group2_P2_C12:scan:824	0.85	8	NoID
0.0	mzspec:MSV000083320:99597:scan:1090	0.85	8	NoID
0.0	mzspec:MSV000079710:group1_P1_H7:scan:839	0.85	8	NoID
0.0	mzspec:MSV000079697:group2_P1_C7:scan:824	0.85	8	NoID
0.0	mzspec:MSV000079697:group2_P1_D12:scan:822	0.85	8	NoID
0.0	mzspec:MSV000079697:group4_P2_H3:scan:813	0.85	8	NoID
0.0	mzspec:MSV000079707:group3_P1_D1:scan:821	0.85	8	NoID
0.0	mzspec:MSV000082953:P5_D2:scan:1191	0.85	8	NoID
0.0	mzspec:MSV000083559:11713.15.O.15B:scan:797	0.85	8	NoID
0.0	mzspec:MSV000083320:99764:scan:981	0.85	8	NoID
0.0	mzspec:MSV000083320:99757:scan:983	0.85	8	NoID
0.0	mzspec:MSV000079697:group3_P2_G8:scan:816	0.85	8	NoID
0.0	mzspec:MSV000083320:99883:scan:1057	0.85	8	NoID
0.0	mzspec:MSV000083320:99430:scan:978	0.85	8	NoID
0.0	mzspec:MSV000079717:group2_P1_A8:scan:749	0.85	8	NoID
0.0	mzspec:MSV000082953:P4_C12:scan:1009	0.85	8	NoID
0.0	mzspec:MSV000082953:P5_B6:scan:1232	0.85	8	NoID
0.0	mzspec:MSV000082953:P1_D5:scan:954	0.85	8	NoID
0.0	mzspec:MSV000079714:group4_P2_F2:scan:960	0.85	8	NoID
0.0	mzspec:MSV000079697:group2_P1_F10:scan:829	0.85	8	NoID
0.0	mzspec:MSV000082953:P1_B10:scan:1228	0.85	8	NoID
0.0	mzspec:MSV000082953:P3_B7:scan:1049	0.85	8	NoID
0.0	mzspec:MSV000079709:group1_P1_C12:scan:850	0.85	8	NoID
0.0	mzspec:MSV000079718:group2_P1_H11:scan:838	0.85	8	NoID
0.0	mzspec:MSV000079697:group2_P2_B3:scan:824	0.85	8	NoID
0.0	mzspec:MSV000079706:group3_P2_G8:scan:816	0.85	8	NoID
0.0	mzspec:MSV000082953:P3_D7:scan:974	0.85	8	NoID
0.0	mzspec:MSV000083320:99730:scan:1114	0.85	8	NoID
0.0	mzspec:MSV000082331:B2_swab_blank_swab_blank:scan:1078	0.85	8	NoID
0.0	mzspec:MSV000079712:blank_9:scan:865	0.85	8	NoID
0.0	mzspec:MSV000079714:blank_9:scan:865	0.85	8	NoID
0.0	mzspec:MSV000079706:group3_P2_D6:scan:822	0.85	8	NoID
0.0	mzspec:MSV000079697:group3_P2_D6:scan:822	0.85	8	NoID
0.0	mzspec:MSV000079714:group4_P2_G8:scan:946	0.85	8	NoID
-0.0	mzspec:MSV000083320:99415:scan:1104	0.85	8	NoID
0.0	mzspec:MSV000079697:group4_P2_F2:scan:960	0.85	8	NoID
0.0	mzspec:MSV000083559:11713.18.S.18F:scan:782	0.85	8	NoID
0.0	mzspec:MSV000079697:group2_P1_A8:scan:749	0.85	8	NoID
0.0	mzspec:MSV000079697:group4_P2_G8:scan:946	0.85	8	NoID
0.0	mzspec:MSV000083559:11713.6.O.6D:scan:798	0.85	8	NoID
0.0	mzspec:MSV000079697:blank_9:scan:865	0.85	8	NoID
0.0	mzspec:MSV000083320:99314:scan:975	0.85	8	NoID
0.0	mzspec:MSV000083559:11713.7.O.7B:scan:847	0.85	8	NoID
0.0	mzspec:MSV000079710:group1_P1_A12:scan:819	0.85	8	NoID
0.0	mzspec:MSV000079697:group1_P1_D11:scan:822	0.85	8	NoID
0.0	mzspec:MSV000079709:group1_P1_D11:scan:822	0.85	8	NoID
0.0	mzspec:MSV000079717:group2_P2_B3:scan:824	0.85	8	NoID
0.0	mzspec:MSV000082953:P4_C8:scan:1201	0.85	8	NoID
0.0	mzspec:MSV000079718:group2_P1_G10:scan:826	0.85	8	NoID
0.0	mzspec:MSV000083320:99784:scan:1049	0.85	8	NoID
0.0	mzspec:MSV000079697:group4_P2_B3:scan:820	0.85	8	NoID
0.0	mzspec:MSV000082331:D3_Tomato:scan:1099	0.85	8	NoID
0.0	mzspec:MSV000083320:99307:scan:587	0.85	8	NoID
0.0	mzspec:MSV000083320:99766:scan:1102	0.85	8	NoID
0.0	mzspec:MSV000079709:group1_P2_C10:scan:820	0.85	8	NoID
0.0	mzspec:MSV000083320:99803:scan:1083	0.85	8	NoID
0.0	mzspec:MSV000079697:group2_P1_G10:scan:826	0.85	8	NoID
0.0	mzspec:MSV000083559:11713.8.S.8A:scan:814	0.85	8	NoID
0.0	mzspec:MSV000083320:99875:scan:1077	0.85	8	NoID
0.0	mzspec:MSV000083559:11713.14.S.14C:scan:778	0.85	8	NoID
0.0	mzspec:MSV000083320:99772:scan:1068	0.85	8	NoID
0.0	mzspec:MSV000083320:99662:scan:1085	0.85	8	NoID
0.0	mzspec:MSV000079714:group4_P2_H3:scan:813	0.85	8	NoID
0.0	mzspec:MSV000079714:group4_P2_B3:scan:820	0.85	8	NoID
0.0	mzspec:MSV000079710:group1_P2_H2:scan:777	0.85	8	NoID
0.0	mzspec:MSV000079697:group1_P2_H2:scan:777	0.85	8	NoID
0.0	mzspec:MSV000083559:11713.17.F.17B:scan:799	0.85	8	NoID
0.0	mzspec:MSV000079697:group1_P1_C12:scan:850	0.85	8	NoID
0.0	mzspec:MSV000079697:group1_P2_C10:scan:820	0.85	8	NoID
0.0	mzspec:MSV000079697:group1_P1_A12:scan:819	0.85	8	NoID
0.0	mzspec:MSV000083320:99502:scan:965	0.85	8	NoID
0.0	mzspec:MSV000083559:11713.3.O.3C:scan:760	0.85	8	NoID
0.0	mzspec:MSV000079697:group1_P1_H7:scan:839	0.85	8	NoID
0.0	mzspec:MSV000082953:P2_C7:scan:1208	0.85	8	NoID
-0.0	mzspec:MSV000088842:14A:scan:865	0.85	8	NoID
0.0	mzspec:MSV000083300:BP000098368_p:scan:849	0.85	8	NoID
-0.0	mzspec:MSV000079697:group3_P2_C12:scan:872	0.85	8	NoID
0.0	mzspec:MSV000083320:99691:scan:1116	0.85	8	NoID
0.0	mzspec:MSV000083320:99584:scan:919	0.85	8	NoID
0.0	mzspec:MSV000083320:99531:scan:1055	0.85	8	NoID
-0.02	mzspec:MSV000083521:Taitao2018_E31_900m:scan:838	0.85	8	NoID
-0.0	mzspec:MSV000079697:group1_P1_G2:scan:957	0.85	8	NoID
0.0	mzspec:MSV000083559:11713.13.O.13B:scan:825	0.85	8	NoID
0.0	mzspec:MSV000079697:group5_P2_F9:scan:954	0.85	8	NoID
0.0	mzspec:MSV000083320:99394:scan:1111	0.85	8	NoID
0.0	mzspec:MSV000083320:99300:scan:973	0.85	8	NoID
0.0	mzspec:MSV000083320:99351:scan:1106	0.85	8	NoID
0.0	mzspec:MSV000082953:P1_C12:scan:924	0.85	8	NoID
0.0	mzspec:MSV000083320:99360:scan:1035	0.85	8	NoID
-0.0	mzspec:MSV000079717:group2_P1_C8:scan:831	0.85	8	NoID
-0.0	mzspec:MSV000083320:99606:scan:1108	0.85	8	NoID
0.0	mzspec:MSV000079697:group3_P2_F11:scan:851	0.85	8	NoID
0.0	mzspec:MSV000079709:group1_P1_E12:scan:827	0.85	8	NoID
-0.0	mzspec:MSV000079697:group1_P2_B10:scan:949	0.85	8	NoID
-0.0	mzspec:MSV000079706:group3_P2_C12:scan:872	0.85	8	NoID
0.0	mzspec:MSV000079718:group2_P1_D12:scan:822	0.85	8	NoID
0.0	mzspec:MSV000082433:M-007:scan:805	0.85	8	NoID
0.0	mzspec:MSV000080905:P5_EMP_87:scan:785	0.85	8	NoID
0.0	mzspec:MSV000079697:group2_P1_B12:scan:816	0.85	8	NoID
0.0	mzspec:MSV000082433:M-653:scan:795	0.85	8	NoID
0.0	mzspec:MSV000082433:M-345:scan:825	0.85	8	NoID
-0.0	mzspec:MSV000087087:5555662:scan:919	0.85	8	NoID
0.0	mzspec:MSV000083320:99628:scan:1079	0.85	8	NoID
0.0	mzspec:MSV000079718:group2_P1_B12:scan:816	0.85	8	NoID
-0.0	mzspec:MSV000079710:group1_P2_B10:scan:949	0.85	8	NoID
0.0	mzspec:MSV000083320:99568:scan:1100	0.85	8	NoID
-0.0	mzspec:MSV000079710:group1_P1_G2:scan:957	0.85	8	NoID
0.0	mzspec:MSV000082433:870:scan:729	0.85	8	NoID
0.0	mzspec:MSV000088640:6034612:scan:833	0.85	8	NoID
0.0	mzspec:MSV000079697:group1_P1_E12:scan:827	0.85	8	NoID
0.0	mzspec:MSV000083320:99530:scan:1063	0.85	8	NoID
-0.0	mzspec:MSV000080905:P4_EMP_76:scan:856	0.85	8	NoID
0.0	mzspec:MSV000083320:99496:scan:1013	0.85	8	NoID
-0.0	mzspec:MSV000083320:99666:scan:1107	0.85	8	NoID
0.0	mzspec:MSV000083320:99573:scan:1006	0.85	8	NoID
0.0	mzspec:MSV000083320:99411:scan:1063	0.85	8	NoID
0.0	mzspec:MSV000083320:99756:scan:1049	0.85	8	NoID
0.0	mzspec:MSV000083320:99835:scan:1062	0.85	8	NoID
0.0	mzspec:MSV000079717:group2_P1_C7:scan:824	0.85	8	NoID
0.0	mzspec:MSV000079707:group3_P1_E11:scan:799	0.85	8	NoID
0.0	mzspec:MSV000083320:99576:scan:1060	0.85	8	NoID
0.0	mzspec:MSV000083320:99844:scan:1064	0.85	8	NoID
0.0	mzspec:MSV000082433:M-015:scan:789	0.85	8	NoID
0.0	mzspec:MSV000079718:group2_P2_C12:scan:824	0.85	8	NoID
0.0	mzspec:MSV000079719:group5_P2_F9:scan:954	0.85	8	NoID
0.0	mzspec:MSV000083320:99626:scan:1053	0.85	8	NoID
0.0	mzspec:MSV000083559:11713.16.S.16G:scan:785	0.85	8	NoID
0.0	mzspec:MSV000079706:group3_P2_F11:scan:851	0.85	8	NoID
0.0	mzspec:MSV000082953:P1_A5:scan:908	0.85	7	NoID
0.0	mzspec:MSV000083320:99554:scan:984	0.85	7	NoID
0.0	mzspec:MSV000083559:11713.9.O.9C:scan:798	0.84	9	NoID
0.0	mzspec:MSV000082953:P3_D2:scan:1130	0.84	8	NoID
0.0	mzspec:MSV000082953:blank_swab_mid:scan:1026	0.84	8	NoID
0.0	mzspec:MSV000083559:11713.12.O.12F:scan:904	0.84	8	NoID
0.0	mzspec:MSV000082953:P2_D11:scan:1210	0.84	8	NoID
0.0	mzspec:MSV000079718:group2_P2_A3:scan:830	0.84	8	NoID
0.0	mzspec:MSV000079706:group3_P2_D12:scan:828	0.84	8	NoID
0.0	mzspec:MSV000082953:P1_A11:scan:1119	0.84	8	NoID
0.0	mzspec:MSV000079697:group3_P2_D12:scan:828	0.84	8	NoID
0.0	mzspec:MSV000083320:99820:scan:1052	0.84	8	NoID
0.0	mzspec:MSV000082953:P4_A4:scan:1147	0.84	8	NoID
0.0	mzspec:MSV000079697:group2_P2_F1:scan:881	0.84	8	NoID
0.0	mzspec:MSV000079697:group2_P1_H1:scan:837	0.84	8	NoID
0.0	mzspec:MSV000079697:group2_P1_G9:scan:834	0.84	8	NoID
0.0	mzspec:MSV000082953:P3_B9:scan:1232	0.84	8	NoID
0.0	mzspec:MSV000079717:group2_P1_A1:scan:804	0.84	8	NoID
0.0	mzspec:MSV000082953:P5_A10:scan:1118	0.84	8	NoID
0.0	mzspec:MSV000082953:P2_B4:scan:1234	0.84	8	NoID
0.0	mzspec:MSV000079697:group4_P2_D8:scan:810	0.84	8	NoID
0.0	mzspec:MSV000079697:group2_P1_A1:scan:804	0.84	8	NoID
0.0	mzspec:MSV000083559:11713.10.F.10A:scan:859	0.84	8	NoID
0.0	mzspec:MSV000079697:group4_P2_G10:scan:821	0.84	8	NoID
0.0	mzspec:MSV000083559:11713.4.S.4H:scan:815	0.84	8	NoID
-0.02	mzspec:MSV000088021:KB_2020_49:scan:788	0.84	8	NoID
0.0	mzspec:MSV000079718:group2_P1_H1:scan:837	0.84	8	NoID
0.0	mzspec:MSV000079697:group4_P2_F12:scan:849	0.84	8	NoID
0.0	mzspec:MSV000083320:99521:scan:1003	0.84	8	NoID
0.0	mzspec:MSV000083320:99668:scan:1050	0.84	8	NoID
0.0	mzspec:MSV000079719:group5_P2_H11:scan:822	0.84	8	NoID
0.0	mzspec:MSV000082953:P1_A6:scan:1088	0.84	8	NoID
0.0	mzspec:MSV000079719:group5_P2_H4:scan:811	0.84	8	NoID
0.0	mzspec:MSV000082953:P1_D8:scan:1104	0.84	8	NoID
0.0	mzspec:MSV000082953:P4_C11:scan:1161	0.84	8	NoID
0.0	mzspec:MSV000082953:P3_A1:scan:1046	0.84	8	NoID
0.0	mzspec:MSV000079714:group4_P2_D8:scan:810	0.84	8	NoID
-0.0	mzspec:MSV000088842:41E:scan:980	0.84	8	NoID
0.0	mzspec:MSV000083559:11713.22.S.22D:scan:784	0.84	8	NoID
0.0	mzspec:MSV000083320:99760:scan:984	0.84	8	NoID
-0.0	mzspec:MSV000083320:99731:scan:1095	0.84	8	NoID
0.0	mzspec:MSV000082953:P2_C12:scan:860	0.84	8	NoID
0.0	mzspec:MSV000079697:group4_P2_E7:scan:833	0.84	8	NoID
0.0	mzspec:MSV000083559:11713.23.O.23C:scan:677	0.84	8	NoID
0.0	mzspec:MSV000079706:group3_P2_C7:scan:903	0.84	8	NoID
0.0	mzspec:MSV000082953:P3_C1:scan:949	0.84	8	NoID
0.0	mzspec:MSV000079717:group2_P2_F1:scan:881	0.84	8	NoID
0.0	mzspec:MSV000079697:group2_P2_A3:scan:830	0.84	8	NoID
0.0	mzspec:MSV000083320:99536:scan:1062	0.84	8	NoID
0.0	mzspec:MSV000079697:group5_P2_G2:scan:873	0.84	8	NoID
0.0	mzspec:MSV000079714:group4_P2_A5_2:scan:917	0.84	8	NoID
0.0	mzspec:MSV000079709:group1_P2_A2:scan:825	0.84	8	NoID
0.0	mzspec:MSV000079706:group3_P1_G1:scan:861	0.84	8	NoID
0.0	mzspec:MSV000079697:group4_P2_A10:scan:810	0.84	8	NoID
0.0	mzspec:MSV000079720:group5_P1_A7_test:scan:957	0.84	8	NoID
0.0	mzspec:MSV000083320:99556:scan:979	0.84	8	NoID
0.0	mzspec:MSV000082953:P4_A6:scan:1026	0.84	8	NoID
0.0	mzspec:MSV000083559:11713.14.S.14D:scan:776	0.84	8	NoID
0.0	mzspec:MSV000083320:99429:scan:1003	0.84	8	NoID
0.0	mzspec:MSV000079706:group3_P1_G6:scan:945	0.84	8	NoID
0.0	mzspec:MSV000082953:P3_C7:scan:1033	0.84	8	NoID
0.0	mzspec:MSV000079710:group1_P2_B11:scan:959	0.84	8	NoID
0.0	mzspec:MSV000083320:99540:scan:1064	0.84	8	NoID
0.0	mzspec:MSV000082953:P1_A7:scan:1214	0.84	8	NoID
0.0	mzspec:MSV000083300:BP000096864_p:scan:864	0.84	8	NoID
0.0	mzspec:MSV000083559:11713.19.O.19F:scan:695	0.84	8	NoID
0.0	mzspec:MSV000082433:74:scan:814	0.84	8	NoID
0.0	mzspec:MSV000083320:99783:scan:1061	0.84	8	NoID
0.0	mzspec:MSV000079697:group1_P2_A2:scan:825	0.84	8	NoID
0.0	mzspec:MSV000082953:P2_A9:scan:1013	0.84	8	NoID
0.0	mzspec:MSV000079697:group3_P1_G1:scan:861	0.84	8	NoID
0.0	mzspec:MSV000083320:99516:scan:1079	0.84	8	NoID
0.0	mzspec:MSV000079697:group4_P2_A5_2:scan:917	0.84	8	NoID
0.0	mzspec:MSV000079719:group5_P2_G2:scan:873	0.84	8	NoID
0.0	mzspec:MSV000079710:group1_P2_A2:scan:825	0.84	8	NoID
0.0	mzspec:MSV000079706:group3_P2_D9:scan:833	0.84	8	NoID
0.0	mzspec:MSV000079697:group3_P2_D9:scan:833	0.84	8	NoID
0.0	mzspec:MSV000079714:group4_P2_G12:scan:830	0.84	8	NoID
0.0	mzspec:MSV000079697:group4_P2_G12:scan:830	0.84	8	NoID
0.0	mzspec:MSV000083320:99435:scan:1039	0.84	8	NoID
0.0	mzspec:MSV000079714:group4_P2_A10:scan:810	0.84	8	NoID
0.0	mzspec:MSV000079714:group4_P2_A8:scan:848	0.84	8	NoID
0.0	mzspec:MSV000079714:group4_P2_D12:scan:930	0.84	8	NoID
0.0	mzspec:MSV000079697:group4_P2_A8:scan:848	0.84	8	NoID
0.0	mzspec:MSV000079714:group4_P2_E7:scan:833	0.84	8	NoID
0.0	mzspec:MSV000083559:11713.10.S.10B:scan:775	0.84	8	NoID
-0.0	mzspec:MSV000088842:28E:scan:963	0.84	8	NoID
0.0	mzspec:MSV000083320:99814:scan:1106	0.84	8	NoID
0.0	mzspec:MSV000079697:group1_P1_D7:scan:955	0.84	8	NoID
0.0	mzspec:MSV000083320:99661:scan:1070	0.84	8	NoID
0.0	mzspec:MSV000079697:group1_P2_B11:scan:959	0.84	8	NoID
0.0	mzspec:MSV000083559:11713.10.O.10F:scan:802	0.84	8	NoID
0.0	mzspec:MSV000079697:group3_P1_E7:scan:832	0.84	8	NoID
0.04	mzspec:MSV000083559:11713.23.F.23F:scan:834	0.84	8	NoID
0.0	mzspec:MSV000082433:M-0029:scan:892	0.84	8	NoID
0.0	mzspec:MSV000079709:group1_P1_D7:scan:955	0.84	8	NoID
0.0	mzspec:MSV000083320:99884:scan:1100	0.84	8	NoID
0.0	mzspec:MSV000083559:11713.9.F.9E:scan:885	0.84	8	NoID
0.0	mzspec:MSV000079697:group3_P1_G6:scan:945	0.84	8	NoID
-0.0	mzspec:MSV000083320:99836:scan:993	0.84	8	NoID
-0.0	mzspec:MSV000083320:99692:scan:1001	0.84	8	NoID
0.0	mzspec:MSV000079714:group4_P2_G10:scan:821	0.84	8	NoID
0.0	mzspec:MSV000079712:group4_P1_F4:scan:807	0.84	8	NoID
0.0	mzspec:MSV000079697:group1_P2_A5:scan:835	0.84	8	NoID
0.0	mzspec:MSV000079710:group1_P2_A5:scan:835	0.84	8	NoID
0.0	mzspec:MSV000083559:11713.11.S.11F:scan:785	0.84	8	NoID
0.0	mzspec:MSV000079717:group2_P2_E9:scan:809	0.84	8	NoID
0.0	mzspec:MSV000082953:P1_A10:scan:1004	0.84	8	NoID
0.0	mzspec:MSV000083559:11713.16.S.16A:scan:782	0.84	8	NoID
0.0	mzspec:MSV000082433:M-214:scan:875	0.84	8	NoID
0.0	mzspec:MSV000083320:99337:scan:1019	0.84	8	NoID
0.0	mzspec:MSV000082953:P5_B2:scan:1201	0.84	8	NoID
0.0	mzspec:MSV000083559:11713.21.F.21E.P2:scan:795	0.84	8	NoID
0.0	mzspec:MSV000083320:99533:scan:972	0.84	8	NoID
0.0	mzspec:MSV000082953:P5_D9:scan:1136	0.84	8	NoID
0.0	mzspec:MSV000082953:P1_A4:scan:1097	0.84	8	NoID
0.0	mzspec:MSV000082433:M-645:scan:824	0.84	8	NoID
0.0	mzspec:MSV000079697:group5_P2_G4:scan:840	0.84	8	NoID
0.0	mzspec:MSV000083559:11713.9.S.9B:scan:790	0.84	8	NoID
0.0	mzspec:MSV000083559:11713.11.O.11B:scan:911	0.84	8	NoID
0.0	mzspec:MSV000083320:99442:scan:1071	0.84	8	NoID
0.0	mzspec:MSV000079707:group3_P1_C9:scan:818	0.84	8	NoID
0.0	mzspec:MSV000079706:group3_P2_G9:scan:826	0.84	8	NoID
0.0	mzspec:MSV000079718:group2_P1_G9:scan:834	0.84	8	NoID
0.0	mzspec:MSV000079707:group3_P1_A5:scan:895	0.84	8	NoID
0.0	mzspec:MSV000083559:11713.25.S.25E:scan:779	0.84	8	NoID
0.0	mzspec:MSV000082953:Pooled_QC_mid_180919031656:scan:1163	0.84	8	NoID
0.0	mzspec:MSV000079697:group4_P2_D12:scan:930	0.84	8	NoID
0.0	mzspec:MSV000083320:99687:scan:1077	0.84	8	NoID
0.0	mzspec:MSV000083320:99621:scan:1068	0.84	8	NoID
0.0	mzspec:MSV000083320:99593:scan:1087	0.84	8	NoID
0.0	mzspec:MSV000079697:group5_P1_A7_test:scan:957	0.84	8	NoID
0.0	mzspec:MSV000083559:11713.16.O.16E:scan:833	0.84	8	NoID
0.0	mzspec:MSV000079697:group1_P2_A3:scan:818	0.84	8	NoID
0.0	mzspec:MSV000079710:group1_P2_A3:scan:818	0.84	8	NoID
-0.0	mzspec:MSV000085944:skin_09_480_FH:scan:969	0.84	8	NoID
0.0	mzspec:MSV000083320:99513:scan:1104	0.84	8	NoID
0.0	mzspec:MSV000079719:group5_P2_G4:scan:840	0.84	8	NoID
-0.0	mzspec:MSV000083320:99618:scan:1048	0.84	8	NoID
0.0	mzspec:MSV000079712:group4_P1_G8:scan:964	0.84	8	NoID
0.0	mzspec:MSV000083320:99854:scan:1116	0.84	8	NoID
0.0	mzspec:MSV000079697:group3_P2_G9:scan:826	0.84	8	NoID
0.0	mzspec:MSV000083320:99840:scan:1071	0.84	8	NoID
0.0	mzspec:MSV000079697:group4_P1_F4:scan:807	0.84	8	NoID
0.0	mzspec:MSV000083559:11713.15.S.15E:scan:773	0.84	8	NoID
0.0	mzspec:MSV000083320:99378:scan:977	0.84	8	NoID
0.0	mzspec:MSV000079697:group3_P1_C9:scan:818	0.84	8	NoID
0.0	mzspec:MSV000083559:11713.11.F.11G:scan:799	0.84	8	NoID
0.0	mzspec:MSV000079697:group2_P2_E9:scan:809	0.84	8	NoID
0.0	mzspec:MSV000083559:11713.2.S.2A:scan:689	0.84	8	NoID
0.0	mzspec:MSV000079714:group4_P2_F12:scan:849	0.84	8	NoID
0.0	mzspec:MSV000082433:932:scan:739	0.84	8	NoID
-0.02	mzspec:MSV000088021:KB_2020_94:scan:735	0.84	8	NoID
0.0	mzspec:MSV000083320:99431:scan:1060	0.84	8	NoID
0.0	mzspec:MSV000079697:group5_P2_H4:scan:811	0.84	8	NoID
0.0	mzspec:MSV000079697:group5_P2_H11:scan:822	0.84	8	NoID
0.0	mzspec:MSV000083320:99296:scan:1112	0.84	8	NoID
0.0	mzspec:MSV000083320:99676:scan:1057	0.84	8	NoID
0.0	mzspec:MSV000079707:group3_P1_E7:scan:832	0.84	8	NoID
-0.0	mzspec:MSV000083320:99728:scan:1061	0.84	8	NoID
0.0	mzspec:MSV000079697:group3_P2_C7:scan:903	0.84	8	NoID
0.0	mzspec:MSV000082433:M-228:scan:902	0.84	8	NoID
-0.0	mzspec:MSV000083320:99673:scan:1057	0.84	8	NoID
0.0	mzspec:MSV000083320:99828:scan:1120	0.84	8	NoID
0.0	mzspec:MSV000083559:11713.20.F.20A:scan:864	0.84	8	NoID
-0.0	mzspec:MSV000083320:99610:scan:1096	0.84	8	NoID
0.0	mzspec:MSV000083559:11713.10.O.10B:scan:812	0.84	8	NoID
0.0	mzspec:MSV000079697:group4_P1_G8:scan:964	0.84	8	NoID
-0.0	mzspec:MSV000083320:99608:scan:1103	0.84	8	NoID
-0.0	mzspec:MSV000083559:11713.2.F.2I:scan:936	0.84	8	NoID
0.0	mzspec:MSV000082433:M-0021:scan:901	0.84	8	NoID
0.0	mzspec:MSV000079697:group3_P1_A5:scan:895	0.84	8	NoID
0.0	mzspec:MSV000083559:11713.7.S.7D:scan:780	0.84	8	NoID
0.0	mzspec:MSV000083320:99755:scan:1115	0.84	8	NoID
0.0	mzspec:MSV000083320:99583:scan:1103	0.84	8	NoID
0.0	mzspec:MSV000083320:99441:scan:914	0.84	7	NoID
0.0	mzspec:MSV000083320:99868:scan:635	0.84	7	NoID
0.0	mzspec:MSV000082953:P1_D12:scan:912	0.84	7	NoID
0.0	mzspec:MSV000083320:99329:scan:959	0.84	7	NoID
-0.0	mzspec:MSV000083320:99625:scan:982	0.84	7	NoID
-0.0	mzspec:MSV000083320:99880:scan:975	0.84	7	NoID
0.0	mzspec:MSV000083541:S3_blank_90EtOH_171006111918:scan:817	0.83	9	NoID
0.0	mzspec:MSV000083320:99395:scan:1065	0.83	9	NoID
0.0	mzspec:MSV000082953:P2_D4:scan:1083	0.83	8	NoID
-0.02	mzspec:MSV000088021:KB_2020_127:scan:734	0.83	8	NoID
0.0	mzspec:MSV000079717:group2_P2_B10:scan:833	0.83	8	NoID
0.0	mzspec:MSV000083559:11713.3.F.3C:scan:892	0.83	8	NoID
0.0	mzspec:MSV000083559:11713.25.F.25C:scan:841	0.83	8	NoID
0.0	mzspec:MSV000082953:P5_B5:scan:1091	0.83	8	NoID
0.0	mzspec:MSV000079706:group3_P2_C9:scan:864	0.83	8	NoID
0.0	mzspec:MSV000079717:group2_P2_D7:scan:825	0.83	8	NoID
0.0	mzspec:MSV000082953:P3_A4:scan:1203	0.83	8	NoID
0.0	mzspec:MSV000079697:group5_P1_B11:scan:805	0.83	8	NoID
0.0	mzspec:MSV000083320:99526:scan:1069	0.83	8	NoID
0.0	mzspec:MSV000079720:group5_P2_E10:scan:950	0.83	8	NoID
0.0	mzspec:MSV000082953:P2_A4:scan:1030	0.83	8	NoID
0.0	mzspec:MSV000079697:group2_P2_D7:scan:825	0.83	8	NoID
0.0	mzspec:MSV000084738:Delicatisima_MT_120319_1:scan:1116	0.83	8	NoID
0.0	mzspec:MSV000079706:group3_P2_A8:scan:829	0.83	8	NoID
-0.0	mzspec:MSV000083320:99733:scan:1103	0.83	8	NoID
0.0	mzspec:MSV000083559:11713.1.C.1B:scan:840	0.83	8	NoID
0.0	mzspec:MSV000079714:group4_P2_A12:scan:847	0.83	8	NoID
0.0	mzspec:MSV000083320:99615:scan:919	0.83	8	NoID
0.0	mzspec:MSV000082953:P4_D10:scan:1054	0.83	8	NoID
0.0	mzspec:MSV000079697:group3_P2_C9:scan:864	0.83	8	NoID
-0.0	mzspec:MSV000088842:45C:scan:978	0.83	8	NoID
0.0	mzspec:MSV000079706:group3_P1_H5:scan:849	0.83	8	NoID
0.0	mzspec:MSV000079717:group2_P2_A10:scan:809	0.83	8	NoID
0.0	mzspec:MSV000083320:99309:scan:1067	0.83	8	NoID
0.0	mzspec:MSV000079697:group2_P2_B10:scan:833	0.83	8	NoID
0.0	mzspec:MSV000079720:group5_P1_B11:scan:805	0.83	8	NoID
0.0	mzspec:MSV000079697:group3_P1_H5:scan:849	0.83	8	NoID
0.0	mzspec:MSV000083559:11713.18.S.18C:scan:790	0.83	8	NoID
0.0	mzspec:MSV000083559:11713.13.S.13C:scan:774	0.83	8	NoID
0.0	mzspec:MSV000083320:99523:scan:1055	0.83	8	NoID
0.0	mzspec:MSV000079697:group5_P2_E10:scan:950	0.83	8	NoID
0.0	mzspec:MSV000079697:group3_P2_A8:scan:829	0.83	8	NoID
0.0	mzspec:MSV000083320:99887:scan:1109	0.83	8	NoID
0.0	mzspec:MSV000079697:group2_P2_D10:scan:817	0.83	8	NoID
0.0	mzspec:MSV000079697:group1_P2_G10:scan:825	0.83	8	NoID
0.0	mzspec:MSV000079697:group4_P2_A12:scan:847	0.83	8	NoID
0.0	mzspec:MSV000079697:group2_P2_A10:scan:809	0.83	8	NoID
0.0	mzspec:MSV000082953:P3_D9:scan:1192	0.83	8	NoID
0.0	mzspec:MSV000079710:group1_P2_G10:scan:825	0.83	8	NoID
0.0	mzspec:MSV000083559:11713.8.A.8A:scan:808	0.83	8	NoID
0.0	mzspec:MSV000082953:P3_B6:scan:1036	0.83	8	NoID
0.0	mzspec:MSV000079717:group2_P2_D10:scan:817	0.83	8	NoID
0.0	mzspec:MSV000083559:11713.20.S.20D:scan:687	0.83	8	NoID
0.0	mzspec:MSV000082433:M-341:scan:819	0.83	8	NoID
0.0	mzspec:MSV000082433:M-232:scan:956	0.83	8	NoID
0.0	mzspec:MSV000082953:P3_D4:scan:1204	0.83	8	NoID
0.0	mzspec:MSV000083320:99890:scan:1098	0.83	8	NoID
-0.0	mzspec:MSV000083320:BLANK4_4A:scan:1163	0.83	8	NoID
0.0	mzspec:MSV000079697:group1_P1_D8:scan:820	0.83	8	NoID
0.0	mzspec:MSV000079712:group4_P1_D10:scan:825	0.83	8	NoID
0.0	mzspec:MSV000079697:group3_P2_A4:scan:840	0.83	8	NoID
0.0	mzspec:MSV000082953:P1_A3:scan:1205	0.83	8	NoID
0.0	mzspec:MSV000079697:group4_P1_F11:scan:814	0.83	8	NoID
0.0	mzspec:MSV000079709:group1_P1_D8:scan:820	0.83	8	NoID
0.0	mzspec:MSV000083300:BP000096896_p:scan:893	0.83	8	NoID
0.0	mzspec:MSV000079710:group1_P1_G5:scan:1055	0.83	8	NoID
0.0	mzspec:MSV000079697:group1_P1_G5:scan:1055	0.83	8	NoID
-0.0	mzspec:MSV000083320:99741:scan:1004	0.83	8	NoID
0.0	mzspec:MSV000079697:group1_P2_E9:scan:575	0.83	8	NoID
0.0	mzspec:MSV000079709:group1_P2_E9:scan:575	0.83	8	NoID
0.0	mzspec:MSV000079706:group3_P2_A4:scan:840	0.83	8	NoID
0.0	mzspec:MSV000082433:70:scan:741	0.83	8	NoID
0.0	mzspec:MSV000082953:Pooled_QC_start3:scan:1226	0.83	8	NoID
0.0	mzspec:MSV000082953:P5_B12:scan:1088	0.83	8	NoID
0.0	mzspec:MSV000082953:P3_C4:scan:1067	0.83	8	NoID
0.0	mzspec:MSV000083320:99685:scan:1095	0.83	8	NoID
0.0	mzspec:MSV000082953:P3_D10:scan:1036	0.83	8	NoID
0.0	mzspec:MSV000080627:ONR_Stool_36:scan:777	0.83	8	NoID
0.0	mzspec:MSV000083559:11713.1.F.1B:scan:881	0.83	8	NoID
-0.0	mzspec:MSV000083320:99709:scan:1105	0.83	8	NoID
0.0	mzspec:MSV000083320:99512:scan:1096	0.83	8	NoID
0.0	mzspec:MSV000083559:11713.18.S.18A:scan:780	0.83	8	NoID
0.0	mzspec:MSV000083320:99350:scan:1089	0.83	8	NoID
0.0	mzspec:MSV000083559:11713.17.S.17A:scan:781	0.83	8	NoID
-0.0	mzspec:MSV000087087:5556833:scan:923	0.83	8	NoID
-0.0	mzspec:MSV000083320:99864:scan:1001	0.83	8	NoID
0.0	mzspec:MSV000079709:group1_P2_F2:scan:767	0.83	8	NoID
0.0	mzspec:MSV000083320:99519:scan:1072	0.83	8	NoID
0.0	mzspec:MSV000082953:P2_B12:scan:1199	0.83	8	NoID
-0.0	mzspec:MSV000083320:99518:scan:1099	0.83	8	NoID
0.0	mzspec:MSV000079706:group3_P2_G5:scan:886	0.83	8	NoID
0.0	mzspec:MSV000082953:P3_D5:scan:1048	0.83	8	NoID
0.0	mzspec:MSV000083320:99368:scan:1113	0.83	8	NoID
0.0	mzspec:MSV000079719:group5_P2_G3:scan:847	0.83	8	NoID
0.0	mzspec:MSV000082433:M-198:scan:898	0.83	8	NoID
0.0	mzspec:MSV000079712:group4_P1_D7:scan:930	0.83	8	NoID
-0.0	mzspec:MSV000083320:99592:scan:1098	0.83	8	NoID
0.0	mzspec:MSV000083320:BLANK3_3C:scan:1089	0.83	8	NoID
0.0	mzspec:MSV000079706:group3_P2_G1:scan:827	0.83	8	NoID
0.0	mzspec:MSV000083320:99745:scan:1099	0.83	8	NoID
0.0	mzspec:MSV000079718:group2_P1_B11:scan:816	0.83	8	NoID
0.0	mzspec:MSV000082953:P2_D12:scan:1016	0.83	8	NoID
0.0	mzspec:MSV000079697:group1_P2_F2:scan:767	0.83	8	NoID
0.0	mzspec:MSV000079697:group5_P2_G3:scan:847	0.83	8	NoID
0.0	mzspec:MSV000083320:99379:scan:1150	0.83	8	NoID
0.0	mzspec:MSV000079697:group4_P1_D10:scan:825	0.83	8	NoID
0.0	mzspec:MSV000083559:11713.10.S.10E:scan:773	0.83	8	NoID
0.0	mzspec:MSV000079697:group3_P2_G5:scan:886	0.83	8	NoID
0.0	mzspec:MSV000083559:11713.6.S.6F:scan:786	0.83	8	NoID
0.0	mzspec:MSV000083559:11713.11.S.11D:scan:817	0.83	8	NoID
0.0	mzspec:MSV000083559:11713.22.S.22C:scan:778	0.83	8	NoID
0.0	mzspec:MSV000087087:5556617:scan:906	0.83	8	NoID
0.0	mzspec:MSV000083559:11713.2.F.6.2E:scan:879	0.83	8	NoID
0.0	mzspec:MSV000083320:99855:scan:1109	0.83	8	NoID
0.0	mzspec:MSV000079712:group4_P1_F11:scan:814	0.83	8	NoID
0.0	mzspec:MSV000079706:group3_P2_B8:scan:845	0.83	8	NoID
0.04	mzspec:MSV000080905:P5_EMP_96:scan:780	0.83	8	NoID
0.0	mzspec:MSV000083559:11713.6.O.6F:scan:790	0.83	8	NoID
-0.0	mzspec:MSV000079706:group3_P2_D2:scan:854	0.83	8	NoID
0.0	mzspec:MSV000082433:M-172:scan:814	0.83	8	NoID
0.0	mzspec:MSV000082953:P4_B1:scan:1184	0.83	8	NoID
0.0	mzspec:MSV000082953:P3_D6:scan:1094	0.83	8	NoID
0.04	mzspec:MSV000080905:P5_EMP_36:scan:767	0.83	8	NoID
-0.0	mzspec:MSV000079697:group3_P2_D2:scan:854	0.83	8	NoID
0.0	mzspec:MSV000082953:P4_C10:scan:1219	0.83	8	NoID
0.0	mzspec:MSV000082953:P3_C9:scan:1059	0.83	8	NoID
0.0	mzspec:MSV000079697:group5_P2_B2:scan:812	0.83	8	NoID
0.0	mzspec:MSV000080905:P5_EMP_59:scan:779	0.83	8	NoID
0.0	mzspec:MSV000083320:99609:scan:920	0.83	8	NoID
0.0	mzspec:MSV000080905:P5_EMP_90:scan:789	0.83	8	NoID
0.0	mzspec:MSV000082953:P4_C9:scan:1126	0.83	8	NoID
-0.0	mzspec:MSV000079697:group4_P2_G2:scan:949	0.83	8	NoID
0.0	mzspec:MSV000080905:P3_EMP_71:scan:769	0.83	8	NoID
-0.0	mzspec:MSV000079714:group4_P2_G2:scan:949	0.83	8	NoID
0.04	mzspec:MSV000083320:99821:scan:1039	0.83	8	NoID
0.0	mzspec:MSV000083559:11713.1.O.1A:scan:689	0.83	8	NoID
0.0	mzspec:MSV000083559:11713.13.O.13C:scan:809	0.83	8	NoID
0.0	mzspec:MSV000083320:99696:scan:1086	0.83	8	NoID
0.0	mzspec:MSV000082433:M-373:scan:823	0.83	8	NoID
-0.0	mzspec:MSV000083320:99670:scan:1074	0.83	8	NoID
0.0	mzspec:MSV000079697:group2_P2_G3:scan:850	0.83	8	NoID
0.0	mzspec:MSV000079697:group3_P2_B8:scan:845	0.83	8	NoID
0.0	mzspec:MSV000083320:99535:scan:1003	0.83	8	NoID
0.0	mzspec:MSV000079697:group3_P2_A6:scan:844	0.83	8	NoID
0.0	mzspec:MSV000079697:group3_P2_A9:scan:859	0.83	8	NoID
0.0	mzspec:MSV000083320:99420:scan:1103	0.83	8	NoID
0.0	mzspec:MSV000079697:group3_P2_E4:scan:882	0.83	8	NoID
-0.0	mzspec:MSV000083320:99664:scan:1006	0.83	8	NoID
0.0	mzspec:MSV000079717:group2_P2_G3:scan:850	0.83	8	NoID
0.0	mzspec:MSV000079706:group3_P2_A6:scan:844	0.83	8	NoID
0.0	mzspec:MSV000079706:group3_P2_A9:scan:859	0.83	8	NoID
0.0	mzspec:MSV000083320:99892:scan:1112	0.83	8	NoID
0.0	mzspec:MSV000083320:99541:scan:1104	0.83	8	NoID
0.0	mzspec:MSV000083320:99586:scan:1109	0.83	8	NoID
0.0	mzspec:MSV000083559:11713.11.S.11A:scan:812	0.83	8	NoID
0.0	mzspec:MSV000083559:11713.25.S.25B:scan:803	0.83	8	NoID
0.0	mzspec:MSV000083559:11713.25.S.25A:scan:786	0.83	8	NoID
-0.0	mzspec:MSV000087087:5556893:scan:907	0.83	8	NoID
0.0	mzspec:MSV000083559:11713.2.F.2C:scan:844	0.83	8	NoID
0.0	mzspec:MSV000079706:group3_P2_E4:scan:882	0.83	8	NoID
0.0	mzspec:MSV000080905:P5_EMP_89:scan:769	0.83	8	NoID
0.0	mzspec:MSV000079714:group4_P2_F5:scan:856	0.83	8	NoID
0.0	mzspec:MSV000082953:P2_A11:scan:1200	0.83	8	NoID
0.0	mzspec:MSV000083320:99416:scan:1100	0.83	8	NoID
0.0	mzspec:MSV000083559:11713.14.S.14E:scan:778	0.83	8	NoID
0.0	mzspec:MSV000083559:11713.4.O.4G:scan:801	0.83	8	NoID
0.0	mzspec:MSV000083559:11713.10.O.10C:scan:823	0.83	8	NoID
0.0	mzspec:MSV000083320:99822:scan:1110	0.83	8	NoID
0.0	mzspec:MSV000083320:99818:scan:1098	0.83	8	NoID
0.0	mzspec:MSV000083320:99894:scan:1098	0.83	8	NoID
-0.0	mzspec:MSV000082953:P4_A1:scan:1186	0.83	8	NoID
0.0	mzspec:MSV000080905:P4_EMP_16:scan:781	0.83	8	NoID
0.0	mzspec:MSV000079697:group3_P1_A6:scan:850	0.83	8	NoID
-0.0	mzspec:MSV000083320:99353:scan:1101	0.83	8	NoID
0.0	mzspec:MSV000079697:group2_P1_B11:scan:816	0.83	8	NoID
0.0	mzspec:MSV000083320:99816:scan:1104	0.83	8	NoID
0.0	mzspec:MSV000079706:group3_P1_G10:scan:833	0.83	8	NoID
0.0	mzspec:MSV000079719:group5_P2_H10:scan:801	0.83	8	NoID
-0.0	mzspec:MSV000086415:72650337:scan:907	0.83	8	NoID
0.0	mzspec:MSV000083320:99833:scan:1102	0.83	8	NoID
0.0	mzspec:MSV000079718:group2_P2_A2:scan:841	0.83	8	NoID
0.0	mzspec:MSV000079718:group2_P2_C9:scan:819	0.83	8	NoID
-0.0	mzspec:MSV000079697:group3_P2_F9:scan:946	0.83	8	NoID
0.0	mzspec:MSV000083320:99736:scan:1100	0.83	8	NoID
0.0	mzspec:MSV000083320:99317:scan:973	0.83	8	NoID
-0.0	mzspec:MSV000079706:group3_P2_F9:scan:946	0.83	8	NoID
-0.0	mzspec:MSV000083320:99886:scan:1100	0.83	8	NoID
0.0	mzspec:MSV000079697:group2_P2_C9:scan:819	0.83	8	NoID
-0.02	mzspec:MSV000088021:KB_2020_64:scan:828	0.83	8	NoID
-0.0	mzspec:MSV000083320:99604:scan:1111	0.83	8	NoID
0.0	mzspec:MSV000079697:group4_P2_F5:scan:856	0.83	8	NoID
0.0	mzspec:MSV000083320:99785:scan:1100	0.83	8	NoID
0.0	mzspec:MSV000079697:group2_P2_A2:scan:841	0.83	8	NoID
0.0	mzspec:MSV000079720:group5_P2_B2:scan:812	0.83	8	NoID
0.0	mzspec:MSV000083320:99288:scan:1109	0.83	8	NoID
0.0	mzspec:MSV000079707:group3_P1_A6:scan:850	0.83	8	NoID
0.0	mzspec:MSV000079697:group5_P2_H10:scan:801	0.83	8	NoID
-0.0	mzspec:MSV000083320:99528:scan:1108	0.83	8	NoID
0.0	mzspec:MSV000079697:group3_P1_F6:scan:849	0.83	8	NoID
0.0	mzspec:MSV000083320:99454:scan:1109	0.83	8	NoID
0.0	mzspec:MSV000079697:group3_P2_G1:scan:827	0.83	8	NoID
0.0	mzspec:MSV000083320:99363:scan:1098	0.83	8	NoID
0.0	mzspec:MSV000079706:group3_P1_F6:scan:849	0.83	8	NoID
0.0	mzspec:MSV000088137:2124:scan:904	0.83	8	NoID
0.0	mzspec:MSV000083320:99845:scan:1056	0.83	8	NoID
0.0	mzspec:MSV000083320:99607:scan:999	0.83	8	NoID
0.0	mzspec:MSV000079697:group3_P1_G10:scan:833	0.83	8	NoID
0.0	mzspec:MSV000079697:group4_P1_D7:scan:930	0.83	8	NoID
0.0	mzspec:MSV000083559:11713.8.S.8E:scan:804	0.83	8	NoID
-0.0	mzspec:MSV000083320:99387:scan:1115	0.83	8	NoID
0.0	mzspec:MSV000083320:99417:scan:1103	0.83	8	NoID
0.0	mzspec:MSV000083320:99655:scan:1049	0.83	8	NoID
0.0	mzspec:MSV000083559:11713.23.F.23D:scan:871	0.83	8	NoID
0.0	mzspec:MSV000083559:11713.9.F.9B:scan:836	0.83	8	NoID
0.0	mzspec:MSV000084314:MSV000087612:scan:22702	0.83	7	NoID
0.0	mzspec:MSV000083320:99881:scan:977	0.83	7	NoID
0.0	mzspec:MSV000083320:99377:scan:965	0.83	7	NoID
0.0	mzspec:MSV000083320:99321:scan:988	0.83	7	NoID
0.0	mzspec:MSV000083320:99746:scan:978	0.83	7	NoID
0.0	mzspec:MSV000083320:99761:scan:902	0.83	7	NoID
0.0	mzspec:MSV000083320:99522:scan:988	0.83	7	NoID
0.0	mzspec:MSV000083320:99299:scan:981	0.83	7	NoID
0.0	mzspec:MSV000083320:99341:scan:972	0.83	7	NoID
0.0	mzspec:MSV000079709:group1_P2_A1:scan:618	0.82	9	NoID
0.0	mzspec:MSV000079710:group1_P2_A1:scan:618	0.82	9	NoID
0.0	mzspec:MSV000079697:group1_P2_A1:scan:618	0.82	9	NoID
0.0	mzspec:MSV000079697:group5_P1_F11:scan:581	0.82	9	NoID
0.0	mzspec:MSV000079720:group5_P1_F11:scan:581	0.82	9	NoID
0.0	mzspec:MSV000082953:P1_B3:scan:1211	0.82	8	NoID
0.0	mzspec:MSV000082953:P4_C7:scan:1083	0.82	8	NoID
-0.0	mzspec:MSV000088842:36A:scan:975	0.82	8	NoID
0.0	mzspec:MSV000083320:99520:scan:1097	0.82	8	NoID
0.0	mzspec:MSV000082953:P2_B7:scan:1098	0.82	8	NoID
-0.0	mzspec:MSV000083320:99815:scan:1123	0.82	8	NoID
-0.0	mzspec:MSV000082953:P2_D5:scan:1224	0.82	8	NoID
0.0	mzspec:MSV000079706:group3_P2_B3:scan:854	0.82	8	NoID
0.0	mzspec:MSV000079697:group3_P2_B3:scan:854	0.82	8	NoID
0.0	mzspec:MSV000082433:M-196:scan:877	0.82	8	NoID
0.0	mzspec:MSV000083559:11713.1.S.1C:scan:706	0.82	8	NoID
0.0	mzspec:MSV000082953:P1_C1:scan:1053	0.82	8	NoID
0.0	mzspec:MSV000082953:P5_B1:scan:1085	0.82	8	NoID
0.0	mzspec:MSV000082433:120:scan:735	0.82	8	NoID
0.0	mzspec:MSV000082953:blank_swab_end:scan:1050	0.82	8	NoID
0.0	mzspec:MSV000079717:group2_P2_F4:scan:863	0.82	8	NoID
0.0	mzspec:MSV000083320:99659:scan:1082	0.82	8	NoID
0.0	mzspec:MSV000082953:P4_C3:scan:1135	0.82	8	NoID
0.0	mzspec:MSV000082953:P5_A8:scan:1225	0.82	8	NoID
-0.0	mzspec:MSV000085944:skin_11_120_OF:scan:970	0.82	8	NoID
-0.0	mzspec:MSV000088842:33C:scan:972	0.82	8	NoID
0.0	mzspec:MSV000082953:P3_D8:scan:1125	0.82	8	NoID
0.0	mzspec:MSV000079697:group3_P2_B1:scan:842	0.82	8	NoID
0.0	mzspec:MSV000082953:P5_D4:scan:1070	0.82	8	NoID
0.0	mzspec:MSV000079714:group4_P2_C4:scan:862	0.82	8	NoID
0.0	mzspec:MSV000079706:group3_P1_F12:scan:834	0.82	8	NoID
0.0	mzspec:MSV000079697:group4_P2_C4:scan:862	0.82	8	NoID
0.0	mzspec:MSV000082953:P4_A5:scan:1086	0.82	8	NoID
0.0	mzspec:MSV000079697:group2_P2_F4:scan:863	0.82	8	NoID
0.0	mzspec:MSV000079714:group4_P2_E4:scan:828	0.82	8	NoID
0.0	mzspec:MSV000083320:99790:scan:1108	0.82	8	NoID
0.0	mzspec:MSV000083320:99423:scan:1057	0.82	8	NoID
-0.0	mzspec:MSV000083320:99600:scan:1086	0.82	8	NoID
0.0	mzspec:MSV000079697:group4_P2_E4:scan:828	0.82	8	NoID
0.0	mzspec:MSV000079697:group3_P1_F12:scan:834	0.82	8	NoID
0.0	mzspec:MSV000083559:11713.15.O.15G:scan:874	0.82	8	NoID
0.0	mzspec:MSV000082433:M-005:scan:961	0.82	8	NoID
0.0	mzspec:MSV000082953:P2_A10:scan:1156	0.82	8	NoID
0.0	mzspec:MSV000082953:P5_B8:scan:1218	0.82	8	NoID
-0.0	mzspec:MSV000088842:19B:scan:974	0.82	8	NoID
0.0	mzspec:MSV000079697:group3_P2_A12:scan:856	0.82	8	NoID
0.0	mzspec:MSV000083320:99834:scan:1053	0.82	8	NoID
-0.0	mzspec:MSV000088842:14B:scan:970	0.82	8	NoID
0.0	mzspec:MSV000082953:Pooled_QC_mid_180919093042:scan:1173	0.82	8	NoID
0.0	mzspec:MSV000083320:99436:scan:982	0.82	8	NoID
0.0	mzspec:MSV000082953:P1_C6:scan:1204	0.82	8	NoID
0.0	mzspec:MSV000083559:11713.12.F.12D:scan:823	0.82	8	NoID
0.0	mzspec:MSV000079697:group4_P2_F8:scan:975	0.82	8	NoID
0.0	mzspec:MSV000082953:P3_B3:scan:1200	0.82	8	NoID
0.0	mzspec:MSV000083320:99838:scan:1059	0.82	8	NoID
0.0	mzspec:MSV000082433:518:scan:734	0.82	8	NoID
0.0	mzspec:MSV000079706:group3_P2_A12:scan:856	0.82	8	NoID
0.0	mzspec:MSV000083320:99778:scan:1102	0.82	8	NoID
0.0	mzspec:MSV000079697:group4_P2_E8:scan:847	0.82	8	NoID
0.0	mzspec:MSV000083320:99577:scan:1119	0.82	8	NoID
0.0	mzspec:MSV000083559:11713.9.F.9D:scan:869	0.82	8	NoID
0.0	mzspec:MSV000079706:group3_P2_C11:scan:855	0.82	8	NoID
0.0	mzspec:MSV000083320:99561:scan:1097	0.82	8	NoID
0.0	mzspec:MSV000082433:M-427:scan:742	0.82	8	NoID
-0.0	mzspec:MSV000083320:99603:scan:1096	0.82	8	NoID
0.0	mzspec:MSV000083320:99566:scan:1094	0.82	8	NoID
0.0	mzspec:MSV000083320:99564:scan:1101	0.82	8	NoID
0.0	mzspec:MSV000079706:group3_P2_D11:scan:854	0.82	8	NoID
-0.0	mzspec:MSV000083320:99705:scan:1103	0.82	8	NoID
0.0	mzspec:MSV000079714:group4_P2_F8:scan:975	0.82	8	NoID
-0.0	mzspec:MSV000083320:99723:scan:1111	0.82	8	NoID
0.0	mzspec:MSV000083320:99537:scan:1096	0.82	8	NoID
-0.0	mzspec:MSV000083320:99612:scan:1105	0.82	8	NoID
0.0	mzspec:MSV000082433:M-443:scan:745	0.82	8	NoID
0.0	mzspec:MSV000082433:M-487:scan:733	0.82	8	NoID
0.0	mzspec:MSV000083320:99563:scan:1090	0.82	8	NoID
0.0	mzspec:MSV000083320:99753:scan:1103	0.82	8	NoID
-0.0	mzspec:MSV000079697:group3_P2_E11:scan:1064	0.82	8	NoID
0.0	mzspec:MSV000082433:M-431:scan:733	0.82	8	NoID
0.0	mzspec:MSV000082953:P3_C2:scan:1042	0.82	8	NoID
-0.0	mzspec:MSV000083320:99611:scan:1106	0.82	8	NoID
0.0	mzspec:MSV000083320:99727:scan:1096	0.82	8	NoID
0.0	mzspec:MSV000082433:M-493:scan:743	0.82	8	NoID
0.0	mzspec:MSV000079706:group3_P2_D8:scan:846	0.82	8	NoID
-0.0	mzspec:MSV000079706:group3_P2_E11:scan:1064	0.82	8	NoID
0.0	mzspec:MSV000083320:99291:scan:1031	0.82	8	NoID
0.0	mzspec:MSV000079706:group3_P1_G12:scan:939	0.82	8	NoID
0.0	mzspec:MSV000083320:99510:scan:1098	0.82	8	NoID
0.0	mzspec:MSV000079697:group3_P2_C11:scan:855	0.82	8	NoID
0.0	mzspec:MSV000083320:BLANK3_3D:scan:1103	0.82	8	NoID
0.0	mzspec:MSV000079697:group3_P2_D8:scan:846	0.82	8	NoID
0.0	mzspec:MSV000079697:group3_P1_G12:scan:939	0.82	8	NoID
0.0	mzspec:MSV000083320:99527:scan:1057	0.82	8	NoID
0.0	mzspec:MSV000079714:group4_P2_E8:scan:847	0.82	8	NoID
0.0	mzspec:MSV000083320:99344:scan:1111	0.82	8	NoID
0.0	mzspec:MSV000083320:99773:scan:1100	0.82	8	NoID
0.0	mzspec:MSV000079697:group3_P2_D11:scan:854	0.82	8	NoID
0.0	mzspec:MSV000083559:11713.6.O.6E:scan:912	0.82	8	NoID
0.0	mzspec:MSV000083559:11713.17.O.17C:scan:869	0.82	8	NoID
0.0	mzspec:MSV000083320:BLANK5_5A:scan:1100	0.82	8	NoID
0.0	mzspec:MSV000079717:group2_P2_G5:scan:889	0.82	8	NoID
0.0	mzspec:MSV000079719:group5_P2_H9:scan:812	0.82	8	NoID
0.0	mzspec:MSV000079707:group3_P1_A4:scan:978	0.82	8	NoID
0.0	mzspec:MSV000083559:11713.2.S.2B:scan:844	0.82	8	NoID
0.0	mzspec:MSV000082953:P2_B11:scan:1100	0.82	8	NoID
-0.0	mzspec:MSV000087087:5556654:scan:854	0.82	8	NoID
0.0	mzspec:MSV000079717:group2_P2_D9:scan:825	0.82	8	NoID
0.0	mzspec:MSV000079697:group4_P2_E3:scan:836	0.82	8	NoID
-0.0	mzspec:MSV000087087:5556703:scan:925	0.82	8	NoID
0.0	mzspec:MSV000083559:11713.8.F.8A:scan:806	0.82	8	NoID
0.0	mzspec:MSV000082433:M-168:scan:870	0.82	8	NoID
0.0	mzspec:MSV000083320:99697:scan:1109	0.82	8	NoID
-0.0	mzspec:MSV000079697:group1_P2_B12:scan:966	0.82	8	NoID
0.0	mzspec:MSV000079710:group1_P1_H9:scan:834	0.82	8	NoID
0.0	mzspec:MSV000082953:blank_swab_mid_180919033017:scan:1192	0.82	8	NoID
0.0	mzspec:MSV000083320:99776:scan:1103	0.82	8	NoID
-0.0	mzspec:MSV000079710:group1_P2_B12:scan:966	0.82	8	NoID
0.0	mzspec:MSV000083320:99703:scan:1049	0.82	8	NoID
0.0	mzspec:MSV000079697:group1_P1_H9:scan:834	0.82	8	NoID
0.0	mzspec:MSV000083320:BLANK6_6A:scan:1104	0.82	8	NoID
0.0	mzspec:MSV000083320:99706:scan:1064	0.82	8	NoID
0.0	mzspec:MSV000079707:group3_P1_E9:scan:814	0.82	8	NoID
0.0	mzspec:MSV000079697:group2_P2_G5:scan:889	0.82	8	NoID
0.0	mzspec:MSV000083320:99839:scan:1071	0.82	8	NoID
0.0	mzspec:MSV000079717:group2_P1_E1:scan:820	0.82	8	NoID
0.0	mzspec:MSV000079697:group5_P2_H9:scan:812	0.82	8	NoID
0.0	mzspec:MSV000083320:99439:scan:1059	0.82	8	NoID
0.0	mzspec:MSV000079707:group3_P1_D7:scan:953	0.82	8	NoID
0.0	mzspec:MSV000083320:99831:scan:1099	0.82	8	NoID
0.0	mzspec:MSV000079697:group1_P1_A11:scan:814	0.82	8	NoID
0.0	mzspec:MSV000079706:group3_P2_G10:scan:819	0.82	8	NoID
0.0	mzspec:MSV000079697:group3_P1_A4:scan:978	0.82	8	NoID
0.0	mzspec:MSV000079697:group2_P2_D9:scan:825	0.82	8	NoID
0.0	mzspec:MSV000079697:group2_P1_G11:scan:820	0.82	8	NoID
0.0	mzspec:MSV000079720:group5_P2_B9:scan:826	0.82	8	NoID
0.0	mzspec:MSV000083320:99780:scan:1101	0.82	8	NoID
0.0	mzspec:MSV000082953:P3_A8:scan:1210	0.82	8	NoID
0.0	mzspec:MSV000083320:99830:scan:988	0.82	8	NoID
0.0	mzspec:MSV000083320:99657:scan:1089	0.82	8	NoID
0.0	mzspec:MSV000083320:99769:scan:1105	0.82	8	NoID
0.0	mzspec:MSV000079697:group3_P1_D7:scan:953	0.82	8	NoID
0.0	mzspec:MSV000079714:group4_P2_E3:scan:836	0.82	8	NoID
-0.0	mzspec:MSV000079697:group2_P1_C2:scan:838	0.82	8	NoID
0.0	mzspec:MSV000079697:group3_P2_G10:scan:819	0.82	8	NoID
0.0	mzspec:MSV000083320:99332:scan:1075	0.82	8	NoID
0.0	mzspec:MSV000083320:99768:scan:1098	0.82	8	NoID
0.0	mzspec:MSV000083320:99853:scan:1103	0.82	8	NoID
0.0	mzspec:MSV000082953:P3_A9:scan:1185	0.82	8	NoID
0.0	mzspec:MSV000082953:P3_B5:scan:1200	0.82	8	NoID
0.0	mzspec:MSV000079697:group4_P1_D9:scan:806	0.82	8	NoID
0.0	mzspec:MSV000082953:P4_D3:scan:1137	0.82	8	NoID
0.0	mzspec:MSV000079697:group3_P1_E9:scan:814	0.82	8	NoID
0.0	mzspec:MSV000083559:11713.1.S.1G:scan:846	0.82	8	NoID
0.0	mzspec:MSV000083320:99829:scan:979	0.82	8	NoID
0.0	mzspec:MSV000083559:11713.12.S.12D:scan:807	0.82	8	NoID
0.0	mzspec:MSV000083559:11713.13.O.13F:scan:798	0.82	8	NoID
0.0	mzspec:MSV000083559:11713.7.S.7C:scan:729	0.82	8	NoID
-0.0	mzspec:MSV000088640:6035037:scan:910	0.82	8	NoID
0.04	mzspec:MSV000082953:P1_A1:scan:1102	0.82	8	NoID
0.0	mzspec:MSV000080627:ONR_Stool_5:scan:880	0.82	8	NoID
-0.0	mzspec:MSV000088842:21E:scan:978	0.82	8	NoID
0.0	mzspec:MSV000079717:group2_P1_F2:scan:842	0.82	8	NoID
0.0	mzspec:MSV000079707:group3_P1_F1:scan:814	0.82	8	NoID
0.0	mzspec:MSV000079712:group4_P1_E6:scan:796	0.82	8	NoID
0.0	mzspec:MSV000079697:group3_P1_F1:scan:814	0.82	8	NoID
0.0	mzspec:MSV000080905:P5_EMP_23:scan:766	0.82	8	NoID
0.0	mzspec:MSV000079712:group4_P1_D9:scan:806	0.82	8	NoID
0.04	mzspec:MSV000082953:MzMine_Export_MS2Filtered_forGNPS:scan:594	0.82	8	NoID
0.0	mzspec:MSV000079697:group2_P1_F2:scan:842	0.82	8	NoID
0.0	mzspec:MSV000079697:group4_P1_E6:scan:796	0.82	8	NoID
0.0	mzspec:MSV000083300:BP000097026_p:scan:846	0.82	8	NoID
0.0	mzspec:MSV000083320:99832:scan:1016	0.82	8	NoID
0.0	mzspec:MSV000082953:P2_C2:scan:1121	0.82	8	NoID
-0.0	mzspec:MSV000088021:KB_2020_103:scan:1293	0.82	8	NoID
0.0	mzspec:MSV000079717:group2_P2_E4:scan:849	0.82	8	NoID
0.04	mzspec:MSV000083320:99749:scan:1035	0.82	8	NoID
0.0	mzspec:MSV000079707:group3_P1_B3:scan:815	0.82	8	NoID
0.0	mzspec:MSV000083320:99743:scan:1100	0.82	8	NoID
0.0	mzspec:MSV000083320:99348:scan:908	0.82	8	NoID
0.0	mzspec:MSV000079718:group2_P1_B10:scan:815	0.82	8	NoID
0.04	mzspec:MSV000083559:11713.23.F.23E:scan:824	0.82	8	NoID
0.0	mzspec:MSV000083320:99614:scan:1082	0.82	8	NoID
0.0	mzspec:MSV000079697:group2_P2_E4:scan:849	0.82	8	NoID
0.0	mzspec:MSV000079697:group5_P2_B9:scan:826	0.82	8	NoID
0.0	mzspec:MSV000079697:group3_P1_B3:scan:815	0.82	8	NoID
0.0	mzspec:MSV000079697:group1_P2_A8:scan:831	0.82	8	NoID
-0.0	mzspec:MSV000088842:22A:scan:986	0.82	8	NoID
-0.0	mzspec:MSV000088842:43D:scan:971	0.82	8	NoID
0.0	mzspec:MSV000079697:group4_P2_E12:scan:834	0.82	8	NoID
0.0	mzspec:MSV000079714:group4_P2_E12:scan:834	0.82	8	NoID
0.0	mzspec:MSV000083559:11713.10.S.10F:scan:807	0.82	8	NoID
0.0	mzspec:MSV000083320:99770:scan:1099	0.82	8	NoID
0.0	mzspec:MSV000083559:11713.10.S.10C:scan:839	0.82	8	NoID
0.0	mzspec:MSV000083559:11713.1.S.1A:scan:764	0.82	8	NoID
0.0	mzspec:MSV000083320:99689:scan:1103	0.82	8	NoID
0.0	mzspec:MSV000083320:99775:scan:1103	0.82	8	NoID
0.0	mzspec:MSV000083559:11713.8.S.8G:scan:786	0.82	8	NoID
-0.0	mzspec:MSV000088842:18E:scan:856	0.82	8	NoID
0.0	mzspec:MSV000083559:11713.9.F.9F:scan:898	0.82	8	NoID
0.0	mzspec:MSV000083559:11713.8.S.8D:scan:780	0.82	8	NoID
-0.0	mzspec:MSV000088021:KB_2020_06:scan:1156	0.82	8	NoID
-0.0	mzspec:MSV000083320:99819:scan:1104	0.82	8	NoID
-0.0	mzspec:MSV000083320:99893:scan:1045	0.82	8	NoID
0.0	mzspec:MSV000083320:99751:scan:1097	0.82	8	NoID
0.0	mzspec:MSV000079706:group3_P2_B1:scan:842	0.82	8	NoID
0.0	mzspec:MSV000079697:group2_P1_E1:scan:820	0.82	8	NoID
0.0	mzspec:MSV000079709:group1_P1_F9:scan:822	0.82	8	NoID
0.0	mzspec:MSV000079707:group3_P1_E10:scan:802	0.82	8	NoID
0.0	mzspec:MSV000079712:group4_P1_F10:scan:822	0.82	8	NoID
0.0	mzspec:MSV000079712:group4_P1_G5:scan:808	0.82	8	NoID
0.0	mzspec:MSV000079717:group2_P2_F3:scan:842	0.82	8	NoID
0.0	mzspec:MSV000079697:group1_P1_F9:scan:822	0.82	8	NoID
-0.0	mzspec:MSV000085944:skin_11_600_UB:scan:968	0.82	8	NoID
0.0	mzspec:MSV000079697:group4_P1_G5:scan:808	0.82	8	NoID
-0.0	mzspec:MSV000083320:99732:scan:1100	0.82	8	NoID
0.0	mzspec:MSV000079697:group2_P1_B10:scan:815	0.82	8	NoID
0.0	mzspec:MSV000079697:group2_P2_F3:scan:842	0.82	8	NoID
0.0	mzspec:MSV000079697:group4_P1_F10:scan:822	0.82	8	NoID
0.0	mzspec:MSV000079697:group3_P1_E10:scan:802	0.82	8	NoID
0.0	mzspec:MSV000083320:99433:scan:1081	0.82	8	NoID
0.0	mzspec:MSV000083320:99534:scan:1095	0.82	8	NoID
-0.0	mzspec:MSV000083320:99810:scan:1110	0.82	8	NoID
0.0	mzspec:MSV000080627:ONR_Stool_16:scan:882	0.82	8	NoID
0.0	mzspec:MSV000079710:group1_P1_A11:scan:814	0.82	8	NoID
-0.0	mzspec:MSV000079717:group2_P1_C2:scan:838	0.82	8	NoID
0.0	mzspec:MSV000079710:group1_P2_A8:scan:831	0.82	8	NoID
0.0	mzspec:MSV000079718:group2_P1_G11:scan:820	0.82	8	NoID
0.0	mzspec:MSV000083320:99658:scan:1052	0.82	7	NoID
0.0	mzspec:MSV000082953:P3_A2:scan:985	0.82	7	NoID
0.0	mzspec:MSV000079697:group5_P2_H3:scan:816	0.82	7	NoID
-0.01	mzspec:MSV000084314:MSV000083521:scan:1123	0.82	7	NoID
0.0	mzspec:MSV000079719:group5_P2_H3:scan:816	0.82	7	NoID
0.0	mzspec:MSV000082331:E11_Hand_swab_pre_Bell_pepper:scan:1524	0.82	7	NoID
0.0	mzspec:MSV000082331:C2_Mango_Mango1:scan:999	0.82	7	NoID
0.0	mzspec:MSV000083320:99414:scan:1074	0.82	7	NoID
0.0	mzspec:MSV000082433:M-665:scan:831	0.82	7	NoID
0.0	mzspec:MSV000083320:99422:scan:920	0.82	7	NoID
0.0	mzspec:MSV000082953:P3_B12:scan:1022	0.82	7	NoID
0.0	mzspec:MSV000083320:99338:scan:947	0.82	7	NoID
0.0	mzspec:MSV000083320:99837:scan:985	0.82	7	NoID
0.0	mzspec:MSV000082433:M-220:scan:830	0.82	7	NoID
-0.0	mzspec:MSV000083320:99388:scan:984	0.82	7	NoID
0.0	mzspec:MSV000083320:99850:scan:982	0.82	7	NoID
0.0	mzspec:MSV000083320:99331:scan:994	0.82	7	NoID
0.0	mzspec:MSV000083320:99667:scan:985	0.82	7	NoID
-0.0	mzspec:MSV000083320:99735:scan:1057	0.82	7	NoID
0.0	mzspec:MSV000083320:99553:scan:975	0.82	7	NoID
0.0	mzspec:MSV000083559:11713.24.O.24A:scan:681	0.82	7	NoID
0.0	mzspec:MSV000083559:11713.15.O.15D:scan:795	0.82	7	NoID
-0.0	mzspec:MSV000084314:MSV000085944:scan:66238	0.82	7	NoID
0.0	mzspec:MSV000084314:MSV000079719:scan:664	0.82	7	NoID
0.0	mzspec:MSV000083320:99303:scan:971	0.82	7	NoID
0.04	mzspec:MSV000084314:MSV000088823:scan:288732	0.82	7	NoID
-0.0	mzspec:MSV000083521:Taitao2018_E11_150m:scan:1070	0.82	7	NoID
0.0	mzspec:MSV000083320:99364:scan:942	0.82	7	NoID
0.0	mzspec:MSV000083320:99333:scan:984	0.82	7	NoID
0.0	mzspec:MSV000084314:MSV000079710:scan:2381	0.82	7	NoID
0.0	mzspec:MSV000079720:group5_P1_D10:scan:585	0.81	9	NoID
0.0	mzspec:MSV000079697:group5_P1_D10:scan:585	0.81	9	NoID
0.0	mzspec:MSV000079697:group2_P1_H2:scan:824	0.81	8	NoID
0.0	mzspec:MSV000082953:P2_B8:scan:1245	0.81	8	NoID
0.0	mzspec:MSV000083300:BP000097058_p:scan:789	0.81	8	NoID
0.0	mzspec:MSV000083320:99297:scan:1118	0.81	8	NoID
0.0	mzspec:MSV000083559:11713.8.O.8C:scan:807	0.81	8	NoID
0.0	mzspec:MSV000083300:BP000098399_p:scan:851	0.81	8	NoID
0.0	mzspec:MSV000083559:11713.22.O.22D:scan:773	0.81	8	NoID
0.0	mzspec:MSV000083559:11713.1.C.1C:scan:770	0.81	8	NoID
0.0	mzspec:MSV000079718:group2_P1_B5:scan:820	0.81	8	NoID
0.0	mzspec:MSV000082433:M-485:scan:740	0.81	8	NoID
0.0	mzspec:MSV000079697:group4_P2_H2:scan:807	0.81	8	NoID
0.0	mzspec:MSV000083320:99355:scan:1103	0.81	8	NoID
0.0	mzspec:MSV000083300:BP000098448_p:scan:844	0.81	8	NoID
-0.0	mzspec:MSV000083320:99599:scan:1100	0.81	8	NoID
0.0	mzspec:MSV000083320:99765:scan:1100	0.81	8	NoID
0.0	mzspec:MSV000082953:P1_A9:scan:1129	0.81	8	NoID
-0.0	mzspec:MSV000083320:99674:scan:1005	0.81	8	NoID
0.0	mzspec:MSV000083320:99871:scan:1069	0.81	8	NoID
-0.0	mzspec:MSV000085944:skin_03_360_UB:scan:970	0.81	8	NoID
0.0	mzspec:MSV000082433:934:scan:746	0.81	8	NoID
0.0	mzspec:MSV000083320:99591:scan:1059	0.81	8	NoID
0.0	mzspec:MSV000083320:BLANK6_6B:scan:1097	0.81	8	NoID
-0.02	mzspec:MSV000088021:KB_2020_224:scan:711	0.81	8	NoID
0.0	mzspec:MSV000079697:group3_P2_D7:scan:832	0.81	8	NoID
0.0	mzspec:MSV000083300:BP000097172_p:scan:847	0.81	8	NoID
0.0	mzspec:MSV000082953:P4_C2:scan:1128	0.81	8	NoID
0.0	mzspec:MSV000079707:group3_P1_E2:scan:812	0.81	8	NoID
-0.0	mzspec:MSV000088842:43E:scan:972	0.81	8	NoID
0.0	mzspec:MSV000082953:P3_A3:scan:1034	0.81	8	NoID
0.0	mzspec:MSV000080905:P4_EMP_10:scan:783	0.81	8	NoID
0.0	mzspec:MSV000079714:group4_P2_A7:scan:936	0.81	8	NoID
0.0	mzspec:MSV000079697:group4_P2_D7:scan:980	0.81	8	NoID
0.0	mzspec:MSV000082953:blank_swab_mid_180919162931:scan:1064	0.81	8	NoID
0.0	mzspec:MSV000079697:group3_P1_G5:scan:835	0.81	8	NoID
0.0	mzspec:MSV000083320:99356:scan:1102	0.81	8	NoID
-0.0	mzspec:MSV000083320:99582:scan:1099	0.81	8	NoID
-0.0	mzspec:MSV000083320:99672:scan:1094	0.81	8	NoID
0.0	mzspec:MSV000083320:99366:scan:1008	0.81	8	NoID
0.0	mzspec:MSV000083320:99346:scan:1064	0.81	8	NoID
0.0	mzspec:MSV000083320:99304:scan:1111	0.81	8	NoID
0.0	mzspec:MSV000079712:group4_P1_C5:scan:811	0.81	8	NoID
0.0	mzspec:MSV000083559:11713.8.O.8D:scan:831	0.81	8	NoID
0.0	mzspec:MSV000079706:group3_P1_G5:scan:835	0.81	8	NoID
0.0	mzspec:MSV000079707:group3_P1_D3:scan:833	0.81	8	NoID
0.0	mzspec:MSV000079714:group4_P2_F4:scan:821	0.81	8	NoID
0.0	mzspec:MSV000079697:group5_P2_E1:scan:828	0.81	8	NoID
0.0	mzspec:MSV000083320:99393:scan:1116	0.81	8	NoID
-0.0	mzspec:MSV000088842:30A:scan:1010	0.81	8	NoID
0.0	mzspec:MSV000083320:99515:scan:1055	0.81	8	NoID
0.0	mzspec:MSV000083320:99421:scan:1106	0.81	8	NoID
0.0	mzspec:MSV000083320:99899:scan:1105	0.81	8	NoID
0.0	mzspec:MSV000079697:group1_P1_A10:scan:824	0.81	8	NoID
-0.0	mzspec:MSV000087087:5556639:scan:924	0.81	8	NoID
-0.0	mzspec:MSV000083320:99870:scan:1101	0.81	8	NoID
0.0	mzspec:MSV000079710:group1_P1_A10:scan:824	0.81	8	NoID
0.0	mzspec:MSV000083300:BP000096929_p:scan:853	0.81	8	NoID
0.0	mzspec:MSV000083559:11713.23.S.23A:scan:755	0.81	8	NoID
0.0	mzspec:MSV000079720:group5_P1_A10_3:scan:856	0.81	8	NoID
0.0	mzspec:MSV000083559:11713.17.S.17G:scan:842	0.81	8	NoID
0.0	mzspec:MSV000083559:11713.22.O.22C:scan:690	0.81	8	NoID
0.0	mzspec:MSV000079718:group2_P1_H2:scan:824	0.81	8	NoID
0.0	mzspec:MSV000083320:99562:scan:1094	0.81	8	NoID
-0.0	mzspec:MSV000087087:5556793:scan:912	0.81	8	NoID
0.0	mzspec:MSV000082953:P4_B4:scan:1208	0.81	8	NoID
0.0	mzspec:MSV000083320:99779:scan:1098	0.81	8	NoID
0.0	mzspec:MSV000083559:11713.10.O.10E:scan:800	0.81	8	NoID
0.0	mzspec:MSV000083320:99574:scan:1094	0.81	8	NoID
0.0	mzspec:MSV000082953:P4_C6:scan:1169	0.81	8	NoID
0.0	mzspec:MSV000079709:group1_P1_C9:scan:620	0.81	8	NoID
0.0	mzspec:MSV000083320:99358:scan:1115	0.81	8	NoID
0.0	mzspec:MSV000083320:99389:scan:1113	0.81	8	NoID
0.0	mzspec:MSV000083320:99374:scan:1059	0.81	8	NoID
0.0	mzspec:MSV000079697:group1_P1_C9:scan:620	0.81	8	NoID
-0.0	mzspec:MSV000088842:32B:scan:980	0.81	8	NoID
0.0	mzspec:MSV000083320:99877:scan:1106	0.81	8	NoID
0.0	mzspec:MSV000083320:99872:scan:1098	0.81	8	NoID
-0.0	mzspec:MSV000083320:99602:scan:1101	0.81	8	NoID
0.0	mzspec:MSV000083320:BLANK5_5B:scan:1099	0.81	8	NoID
0.0	mzspec:MSV000083320:99620:scan:1098	0.81	8	NoID
0.0	mzspec:MSV000083320:99807:scan:1102	0.81	8	NoID
0.0	mzspec:MSV000079697:group2_P1_B5:scan:820	0.81	8	NoID
0.0	mzspec:MSV000079706:group3_P2_D7:scan:832	0.81	8	NoID
0.0	mzspec:MSV000082953:P4_D5:scan:1156	0.81	8	NoID
0.0	mzspec:MSV000083320:99767:scan:1110	0.81	8	NoID
-0.0	mzspec:MSV000083320:BLANK4_4A_20181110122153:scan:1116	0.81	8	NoID
0.0	mzspec:MSV000083559:11713.18.S.18B:scan:764	0.81	8	NoID
0.0	mzspec:MSV000079697:group3_P1_D3:scan:833	0.81	8	NoID
0.0	mzspec:MSV000079697:group3_P1_E2:scan:812	0.81	8	NoID
0.0	mzspec:MSV000083320:99701:scan:1100	0.81	8	NoID
0.0	mzspec:MSV000082433:M-238:scan:941	0.81	8	NoID
0.0	mzspec:MSV000083320:99789:scan:1100	0.81	8	NoID
0.0	mzspec:MSV000083559:11713.24.S.24F:scan:677	0.81	8	NoID
0.0	mzspec:MSV000083320:99330:scan:1027	0.81	8	NoID
0.0	mzspec:MSV000083320:99400:scan:916	0.81	8	NoID
0.0	mzspec:MSV000083559:11713.25.O.25F:scan:681	0.81	8	NoID
0.0	mzspec:MSV000083320:99571:scan:1099	0.81	8	NoID
0.0	mzspec:MSV000083320:99680:scan:1105	0.81	8	NoID
0.0	mzspec:MSV000083320:99804:scan:1097	0.81	8	NoID
0.0	mzspec:MSV000079697:group2_P2_E1:scan:845	0.81	8	NoID
0.0	mzspec:MSV000083559:11713.21.S.21B:scan:770	0.81	8	NoID
0.0	mzspec:MSV000079697:group4_P2_F4:scan:821	0.81	8	NoID
0.0	mzspec:MSV000079714:group4_P2_H2:scan:807	0.81	8	NoID
0.0	mzspec:MSV000079720:group5_P2_E1:scan:828	0.81	8	NoID
0.0	mzspec:MSV000079697:group4_P1_C5:scan:811	0.81	8	NoID
0.0	mzspec:MSV000082433:M-166:scan:880	0.81	8	NoID
0.0	mzspec:MSV000079697:group5_P1_A10_3:scan:856	0.81	8	NoID
0.0	mzspec:MSV000079717:group2_P2_E1:scan:845	0.81	8	NoID
0.0	mzspec:MSV000083559:11713.1.S.1H:scan:775	0.81	8	NoID
0.0	mzspec:MSV000083559:11713.13.F.13A:scan:898	0.81	8	NoID
0.0	mzspec:MSV000079697:group1_P2_G4:scan:772	0.81	8	NoID
-0.0	mzspec:MSV000087087:5556777:scan:997	0.81	8	NoID
-0.0	mzspec:MSV000083320:99525:scan:1104	0.81	8	NoID
0.0	mzspec:MSV000080905:P4_EMP_93:scan:786	0.81	8	NoID
0.0	mzspec:MSV000082953:P5_A6:scan:1060	0.81	8	NoID
0.0	mzspec:MSV000079697:group4_P2_A7:scan:936	0.81	8	NoID
0.0	mzspec:MSV000080905:P5_EMP_7:scan:767	0.81	8	NoID
0.0	mzspec:MSV000079697:group3_P1_H10:scan:875	0.81	8	NoID
-0.0	mzspec:MSV000083320:99587:scan:1101	0.81	8	NoID
0.0	mzspec:MSV000079697:group2_P1_A7:scan:756	0.81	8	NoID
0.0	mzspec:MSV000079714:group4_P2_D7:scan:980	0.81	8	NoID
0.0	mzspec:MSV000079717:group2_P2_B5:scan:843	0.81	8	NoID
0.0	mzspec:MSV000083320:99654:scan:1048	0.81	8	NoID
0.0	mzspec:MSV000082433:M-649:scan:735	0.81	8	NoID
0.0	mzspec:MSV000083559:11713.20.F.20D:scan:803	0.81	8	NoID
0.0	mzspec:MSV000079706:group3_P1_H10:scan:875	0.81	8	NoID
0.0	mzspec:MSV000079697:group2_P2_B5:scan:843	0.81	8	NoID
0.0	mzspec:MSV000087612:62:scan:901	0.81	8	NoID
0.0	mzspec:MSV000082433:M-230:scan:906	0.81	8	NoID
0.0	mzspec:MSV000083320:99738:scan:1091	0.81	8	NoID
-0.0	mzspec:MSV000079706:group3_P2_D10:scan:828	0.81	8	NoID
0.04	mzspec:MSV000088823:DOM_Interlab-LCMS_Lab30_A_POS_MS2_rep2:scan:1363	0.81	8	NoID
0.0	mzspec:MSV000079710:group1_P2_G4:scan:772	0.81	8	NoID
0.04	mzspec:MSV000087747:DOM_Interlab-LCMS_Lab30_A_POS_MS2_rep2:scan:1363	0.81	8	NoID
-0.0	mzspec:MSV000079697:group3_P2_D10:scan:828	0.81	8	NoID
-0.0	mzspec:MSV000088842:35E:scan:977	0.81	8	NoID
0.0	mzspec:MSV000079717:group2_P1_A7:scan:756	0.81	8	NoID
0.0	mzspec:MSV000083320:99869:scan:1034	0.81	8	NoID
0.0	mzspec:MSV000083559:11713.23.O.23D:scan:675	0.81	8	NoID
0.0	mzspec:MSV000083320:99652:scan:1076	0.81	8	NoID
0.0	mzspec:MSV000083320:99506:scan:972	0.81	7	NoID
0.0	mzspec:MSV000082953:P3_A6:scan:1019	0.81	7	NoID
0.0	mzspec:MSV000083559:11713.2.S.2E:scan:801	0.81	7	NoID
0.0	mzspec:MSV000082433:M-0013:scan:829	0.81	7	NoID
-0.0	mzspec:MSV000088842:26B:scan:869	0.81	7	NoID
-0.0	mzspec:MSV000083320:99514:scan:936	0.81	7	NoID
-0.0	mzspec:MSV000082953:P5_A3:scan:1185	0.81	7	NoID
-0.0	mzspec:MSV000083521:Taitao2018_E13_2m:scan:1149	0.81	7	NoID
0.0	mzspec:MSV000082953:P4_A2:scan:1169	0.81	7	NoID
0.0	mzspec:MSV000082433:M-294:scan:796	0.81	7	NoID
-0.0	mzspec:MSV000083320:99805:scan:923	0.81	7	NoID
0.0	mzspec:MSV000079714:group4_P2_B11:scan:824	0.81	7	NoID
0.0	mzspec:MSV000079706:group3_P2_C8:scan:828	0.81	7	NoID
0.0	mzspec:MSV000079709:group1_P1_E9:scan:827	0.81	7	NoID
0.0	mzspec:MSV000079697:group1_P1_E9:scan:827	0.81	7	NoID
0.0	mzspec:MSV000083320:99693:scan:990	0.81	7	NoID
0.0	mzspec:MSV000079714:group4_P2_E1:scan:815	0.81	7	NoID
0.0	mzspec:MSV000079697:group3_P2_C8:scan:828	0.81	7	NoID
0.0	mzspec:MSV000084314:MSV000086415:scan:166531	0.81	7	NoID
0.0	mzspec:MSV000083320:99396:scan:928	0.81	7	NoID
-0.0	mzspec:MSV000083559:11713.21.S.21E.P4:scan:777	0.81	7	NoID
0.0	mzspec:MSV000079697:group4_P2_E1:scan:815	0.81	7	NoID
0.0	mzspec:MSV000083559:11713.15.S.15D:scan:774	0.81	7	NoID
-0.0	mzspec:MSV000088021:KB_2020_212:scan:1163	0.81	7	NoID
0.0	mzspec:MSV000079697:group4_P2_B11:scan:824	0.81	7	NoID
-0.0	mzspec:MSV000082953:P4_A7:scan:1309	0.81	7	NoID
0.0	mzspec:MSV000083320:99539:scan:977	0.81	7	NoID
-0.0	mzspec:MSV000079709:group1_P1_F3:scan:559	0.81	7	NoID
-0.0	mzspec:MSV000079697:group1_P1_F3:scan:559	0.81	7	NoID
0.0	mzspec:MSV000083320:99287:scan:982	0.81	7	NoID
0.0	mzspec:MSV000083320:99503:scan:1006	0.81	7	NoID
0.0	mzspec:MSV000083320:99311:scan:973	0.81	7	NoID
0.0	mzspec:MSV000079720:group5_P1_C4:scan:584	0.8	9	NoID
0.0	mzspec:MSV000079697:group5_P1_C4:scan:584	0.8	9	NoID
0.0	mzspec:MSV000082953:P1_D1:scan:1163	0.8	8	NoID
0.0	mzspec:MSV000082953:P5_A9:scan:1101	0.8	8	NoID
0.0	mzspec:MSV000082433:116:scan:738	0.8	8	NoID
0.0	mzspec:MSV000082953:P4_B2:scan:1162	0.8	8	NoID
0.0	mzspec:MSV000079707:group3_P1_A11:scan:1051	0.8	8	NoID
0.0	mzspec:MSV000082953:Pooled_QC_mid:scan:1084	0.8	8	NoID
0.0	mzspec:MSV000080905:P5_EMP_63:scan:703	0.8	8	NoID
0.0	mzspec:MSV000083320:99891:scan:1097	0.8	8	NoID
0.0	mzspec:MSV000083320:99361:scan:1081	0.8	8	NoID
-0.0	mzspec:MSV000085944:skin_11_480_OF:scan:973	0.8	8	NoID
0.0	mzspec:MSV000083559:11713.7.O.7D:scan:803	0.8	8	NoID
-0.0	mzspec:MSV000083320:99511:scan:1098	0.8	8	NoID
0.0	mzspec:MSV000083559:11713.10.F.10F:scan:808	0.8	8	NoID
0.0	mzspec:MSV000083320:99885:scan:1095	0.8	8	NoID
0.0	mzspec:MSV000083559:11713.24.F.24D:scan:867	0.8	8	NoID
0.0	mzspec:MSV000079719:group5_P2_H8:scan:819	0.8	8	NoID
-0.0	mzspec:MSV000087087:5556817:scan:930	0.8	8	NoID
-0.0	mzspec:MSV000087087:5556787:scan:929	0.8	8	NoID
0.0	mzspec:MSV000083320:99453:scan:1099	0.8	8	NoID
-0.0	mzspec:MSV000088842:9E:scan:989	0.8	8	NoID
0.0	mzspec:MSV000083320:99451:scan:1110	0.8	8	NoID
0.0	mzspec:MSV000086415:59618707:scan:904	0.8	8	NoID
0.0	mzspec:MSV000083320:99560:scan:1112	0.8	8	NoID
0.0	mzspec:MSV000079706:group3_P2_G2:scan:890	0.8	8	NoID
0.0	mzspec:MSV000082433:166:scan:744	0.8	8	NoID
0.0	mzspec:MSV000083320:99742:scan:1065	0.8	8	NoID
0.0	mzspec:MSV000079706:group3_P2_B2:scan:845	0.8	8	NoID
-0.0	mzspec:MSV000083320:99729:scan:1112	0.8	8	NoID
0.0	mzspec:MSV000079707:group3_P1_B12:scan:815	0.8	8	NoID
0.0	mzspec:MSV000083320:99707:scan:1092	0.8	8	NoID
0.0	mzspec:MSV000079697:group1_P1_A7:scan:832	0.8	8	NoID
0.0	mzspec:MSV000083320:99748:scan:1108	0.8	8	NoID
0.0	mzspec:MSV000079697:group2_P2_D11:scan:860	0.8	8	NoID
0.0	mzspec:MSV000079697:group3_P2_B2:scan:845	0.8	8	NoID
0.0	mzspec:MSV000079712:group4_P1_F6:scan:817	0.8	8	NoID
0.0	mzspec:MSV000079697:group3_P1_A11:scan:1051	0.8	8	NoID
0.0	mzspec:MSV000079697:group3_P2_G2:scan:890	0.8	8	NoID
0.0	mzspec:MSV000079697:group3_P2_C6:scan:866	0.8	8	NoID
0.0	mzspec:MSV000079697:group2_P1_F7:scan:823	0.8	8	NoID
0.0	mzspec:MSV000083320:99498:scan:1122	0.8	8	NoID
0.0	mzspec:MSV000083320:99324:scan:1053	0.8	8	NoID
-0.0	mzspec:MSV000083320:99419:scan:1104	0.8	8	NoID
0.0	mzspec:MSV000079710:group1_P1_A7:scan:832	0.8	8	NoID
0.0	mzspec:MSV000083300:BP000098343_p:scan:844	0.8	8	NoID
0.0	mzspec:MSV000079720:group5_P2_D11:scan:760	0.8	8	NoID
-0.0	mzspec:MSV000083320:99569:scan:1110	0.8	8	NoID
0.0	mzspec:MSV000079717:group2_P2_D11:scan:860	0.8	8	NoID
0.0	mzspec:MSV000083320:99425:scan:1101	0.8	8	NoID
0.0	mzspec:MSV000083320:99357:scan:1101	0.8	8	NoID
0.0	mzspec:MSV000083559:11713.3.O.3E:scan:800	0.8	8	NoID
-0.0	mzspec:MSV000083320:99588:scan:1106	0.8	8	NoID
-0.0	mzspec:MSV000083320:99630:scan:1101	0.8	8	NoID
0.0	mzspec:MSV000082433:M-617:scan:734	0.8	8	NoID
0.0	mzspec:MSV000079720:group5_P1_F10:scan:803	0.8	8	NoID
0.0	mzspec:MSV000079706:group3_P2_C6:scan:866	0.8	8	NoID
-0.0	mzspec:MSV000083320:99866:scan:1110	0.8	8	NoID
0.0	mzspec:MSV000083559:11713.25.S.25F:scan:774	0.8	8	NoID
0.0	mzspec:MSV000079697:group5_P2_D11:scan:760	0.8	8	NoID
0.0	mzspec:MSV000079709:group1_P2_C4:scan:749	0.8	8	NoID
-0.0	mzspec:MSV000088640:6034816:scan:914	0.8	8	NoID
0.0	mzspec:MSV000079697:group1_P2_C4:scan:749	0.8	8	NoID
0.0	mzspec:MSV000079717:group2_P1_F7:scan:823	0.8	8	NoID
0.0	mzspec:MSV000079710:group1_P2_C4:scan:749	0.8	8	NoID
-0.0	mzspec:MSV000083320:99517:scan:1105	0.8	8	NoID
-0.0	mzspec:MSV000088842:31C:scan:980	0.8	8	NoID
-0.0	mzspec:MSV000083559:11713.5.S.5B:scan:763	0.8	8	NoID
0.0	mzspec:MSV000086415:89613947:scan:902	0.8	8	NoID
0.0	mzspec:MSV000079712:group4_P1_G2:scan:822	0.8	8	NoID
0.0	mzspec:MSV000079697:group2_P1_A2:scan:758	0.8	8	NoID
0.0	mzspec:MSV000083559:11713.23.O.23B:scan:684	0.8	8	NoID
0.0	mzspec:MSV000083320:99320:scan:1061	0.8	8	NoID
0.0	mzspec:MSV000083320:99629:scan:1089	0.8	8	NoID
-0.0	mzspec:MSV000083320:99595:scan:1095	0.8	8	NoID
0.0	mzspec:MSV000079714:blank_2:scan:821	0.8	8	NoID
0.0	mzspec:MSV000079697:group4_P1_G2:scan:822	0.8	8	NoID
-0.0	mzspec:MSV000080905:P2_EMP_17:scan:795	0.8	8	NoID
0.0	mzspec:MSV000079697:group5_P1_F10:scan:803	0.8	8	NoID
0.0	mzspec:MSV000083320:99426:scan:1094	0.8	8	NoID
0.0	mzspec:MSV000083559:11713.25.O.25E:scan:694	0.8	8	NoID
0.0	mzspec:MSV000083559:11713.3.F.3A:scan:878	0.8	8	NoID
0.0	mzspec:MSV000083320:99391:scan:1117	0.8	8	NoID
0.0	mzspec:MSV000083320:99305:scan:1104	0.8	8	NoID
0.0	mzspec:MSV000083320:99860:scan:1107	0.8	8	NoID
0.0	mzspec:MSV000083559:11713.17.S.17C:scan:839	0.8	8	NoID
0.0	mzspec:MSV000079697:blank_2:scan:821	0.8	8	NoID
0.0	mzspec:MSV000079697:group4_P1_E1:scan:814	0.8	8	NoID
-0.0	mzspec:MSV000083320:99352:scan:1103	0.8	8	NoID
0.0	mzspec:MSV000079712:blank_2:scan:821	0.8	8	NoID
-0.0	mzspec:MSV000083320:99677:scan:993	0.8	8	NoID
0.0	mzspec:MSV000083300:BP000097166_p:scan:851	0.8	8	NoID
0.0	mzspec:MSV000083320:99852:scan:1096	0.8	8	NoID
-0.0	mzspec:MSV000085944:skin_11_120_UB:scan:979	0.8	8	NoID
0.0	mzspec:MSV000079697:group4_P1_F6:scan:817	0.8	8	NoID
0.0	mzspec:MSV000079697:group5_P2_H8:scan:819	0.8	8	NoID
0.0	mzspec:MSV000079712:group4_P1_E1:scan:814	0.8	8	NoID
0.0	mzspec:MSV000079697:group3_P1_B12:scan:815	0.8	8	NoID
0.0	mzspec:MSV000079707:group3_P1_D10:scan:817	0.8	8	NoID
0.0	mzspec:MSV000083320:99878:scan:1099	0.8	8	NoID
0.0	mzspec:MSV000083320:99695:scan:1043	0.8	8	NoID
0.0	mzspec:MSV000079717:group2_P1_A2:scan:758	0.8	8	NoID
0.0	mzspec:MSV000079697:group3_P1_D10:scan:817	0.8	8	NoID
0.0	mzspec:MSV000082331:B3_Apple_Apple1:scan:1647	0.8	7	NoID
-0.0	mzspec:MSV000079697:group1_P1_H1:scan:947	0.8	7	NoID
-0.0	mzspec:MSV000083320:99675:scan:1003	0.8	7	NoID
-0.0	mzspec:MSV000088842:22D:scan:871	0.8	7	NoID
0.0	mzspec:MSV000082953:P2_D10:scan:1078	0.8	7	NoID
0.0	mzspec:MSV000079717:group2_P1_E10:scan:928	0.8	7	NoID
0.0	mzspec:MSV000082953:P5_C6:scan:1030	0.8	7	NoID
0.0	mzspec:MSV000082953:P3_B10:scan:1243	0.8	7	NoID
0.0	mzspec:MSV000083320:99747:scan:981	0.8	7	NoID
-0.02	mzspec:MSV000083521:Taitao2018_E38_2m:scan:840	0.8	7	NoID
-0.0	mzspec:MSV000088842:22B:scan:979	0.8	7	NoID
-0.0	mzspec:MSV000085944:skin_08_30_UB:scan:923	0.8	7	NoID
0.0	mzspec:MSV000079697:group4_P2_D5:scan:839	0.8	7	NoID
-0.0	mzspec:MSV000083521:Taitao2018_E11_10m:scan:1060	0.8	7	NoID
0.0	mzspec:MSV000083320:99325:scan:984	0.8	7	NoID
0.0	mzspec:MSV000079714:group4_P2_D5:scan:839	0.8	7	NoID
-0.0	mzspec:MSV000084314:MSV000088137:scan:48401	0.8	7	NoID
0.0	mzspec:MSV000079720:group5_P1_E10:scan:935	0.8	7	NoID
-0.0	mzspec:MSV000088021:KB_2020_63:scan:1180	0.8	7	NoID
0.0	mzspec:MSV000082953:P4_B7:scan:1019	0.8	7	NoID
-0.0	mzspec:MSV000079710:group1_P1_H1:scan:947	0.8	7	NoID
0.0	mzspec:MSV000082953:Pooled_QC_start1:scan:1106	0.8	7	NoID
-0.02	mzspec:MSV000088021:KB_2020_14:scan:876	0.8	7	NoID
0.0	mzspec:MSV000079697:group3_P1_E8:scan:826	0.8	7	NoID
0.0	mzspec:MSV000079717:group2_P2_F12:scan:849	0.8	7	NoID
0.0	mzspec:MSV000079720:group5_P1_E6:scan:929	0.8	7	NoID
0.0	mzspec:MSV000084314:MSV000087948:scan:706	0.8	7	NoID
0.0	mzspec:MSV000079706:group3_P2_G7:scan:815	0.8	7	NoID
0.0	mzspec:MSV000083320:99372:scan:972	0.8	7	NoID
0.0	mzspec:MSV000083320:99380:scan:986	0.8	7	NoID
-0.0	mzspec:MSV000088021:KB_2020_70:scan:976	0.8	7	NoID
0.0	mzspec:MSV000079720:group5_P1_H12:scan:935	0.8	7	NoID
0.0	mzspec:MSV000083320:99328:scan:978	0.8	7	NoID
0.0	mzspec:MSV000083559:11713.22.S.22A:scan:779	0.8	7	NoID
0.0	mzspec:MSV000083559:11713.11.O.11E:scan:836	0.8	7	NoID
0.0	mzspec:MSV000079707:group3_P1_E8:scan:826	0.8	7	NoID
0.0	mzspec:MSV000083559:11713.6.S.6A:scan:779	0.8	7	NoID
-0.0	mzspec:MSV000085944:skin_05_120_UB:scan:964	0.8	7	NoID
0.02	mzspec:MSV000084314:MSV000083475:scan:54304	0.8	7	NoID
0.0	mzspec:MSV000080627:ONR_Stool_2:scan:769	0.8	7	NoID
0.0	mzspec:MSV000079697:group3_P2_G7:scan:815	0.8	7	NoID
0.0	mzspec:MSV000083320:99590:scan:943	0.8	7	NoID
0.0	mzspec:MSV000079697:group2_P2_F12:scan:849	0.8	7	NoID
-0.0	mzspec:MSV000088842:42E:scan:873	0.8	7	NoID
0.0	mzspec:MSV000086415:41265021:scan:907	0.8	7	NoID
0.0	mzspec:MSV000079717:group2_P1_D2:scan:871	0.8	7	NoID
0.0	mzspec:MSV000084314:MSV000079718:scan:931	0.8	7	NoID
0.0	mzspec:MSV000083320:99397:scan:940	0.8	7	NoID
0.0	mzspec:MSV000082433:M-491:scan:831	0.8	7	NoID
0.0	mzspec:MSV000082953:P1_C10:scan:932	0.8	7	NoID
0.0	mzspec:MSV000083559:11713.15.O.15C:scan:798	0.8	7	NoID
0.0	mzspec:MSV000082433:118:scan:821	0.8	7	NoID
0.0	mzspec:MSV000082433:M-637:scan:826	0.8	7	NoID
0.0	mzspec:MSV000079697:group1_P2_G8:scan:819	0.8	7	NoID
0.0	mzspec:MSV000079710:group1_P2_G8:scan:819	0.8	7	NoID
0.0	mzspec:MSV000079697:group5_P1_E10:scan:935	0.8	7	NoID
0.0	mzspec:MSV000083559:11713.7.F.7B:scan:885	0.8	7	NoID
0.0	mzspec:MSV000079697:group2_P1_E10:scan:928	0.8	7	NoID
-0.0	mzspec:MSV000085944:skin_11_1440_UB:scan:986	0.8	7	NoID
0.0	mzspec:MSV000079697:group2_P1_D2:scan:871	0.8	7	NoID
0.0	mzspec:MSV000082433:M-663:scan:831	0.8	7	NoID
0.0	mzspec:MSV000083320:99763:scan:980	0.8	7	NoID
-0.0	mzspec:MSV000083521:Taitao2018_Blank2:scan:1056	0.8	7	NoID
0.0	mzspec:MSV000083559:11713.24.O.24C:scan:836	0.8	7	NoID
0.0	mzspec:MSV000082331:C6_Hand_swab_Peach_Peach2:scan:967	0.8	7	NoID
0.0	mzspec:MSV000083559:11713.2.O.2H:scan:890	0.8	7	NoID
0.0	mzspec:MSV000079697:group5_P1_H12:scan:935	0.8	7	NoID
0.0	mzspec:MSV000079697:group5_P1_E6:scan:929	0.8	7	NoID
0.0	mzspec:MSV000083559:11713.2.F.2B:scan:821	0.8	7	NoID
0.0	mzspec:MSV000083559:11713.1.F.1A:scan:894	0.8	7	NoID
0.0	mzspec:MSV000083559:11713.23.S.23E:scan:723	0.8	7	NoID
0.0	mzspec:MSV000083320:99383:scan:1002	0.8	6	NoID
0.0	mzspec:MSV000079720:group5_P1_E9:scan:605	0.79	8	NoID
-0.02	mzspec:MSV000083521:Taitao2018_E31_12m:scan:909	0.79	8	NoID
0.0	mzspec:MSV000079697:group2_P1_B8:scan:824	0.79	8	NoID
0.0	mzspec:MSV000080627:ONR_Stool_30:scan:811	0.79	8	NoID
0.0	mzspec:MSV000079719:group5_P2_F1:scan:820	0.79	8	NoID
0.0	mzspec:MSV000079697:group1_P1_F8:scan:1041	0.79	8	NoID
0.0	mzspec:MSV000083320:99786:scan:1106	0.79	8	NoID
0.0	mzspec:MSV000079709:group1_P1_F8:scan:1041	0.79	8	NoID
0.0	mzspec:MSV000083320:99862:scan:1104	0.79	8	NoID
0.0	mzspec:MSV000079697:group5_P1_H5:scan:810	0.79	8	NoID
-0.0	mzspec:MSV000085944:skin_11_720_FH:scan:975	0.79	8	NoID
-0.0	mzspec:MSV000083320:99812:scan:1103	0.79	8	NoID
-0.0	mzspec:MSV000082953:P2_B6:scan:1352	0.79	8	NoID
0.0	mzspec:MSV000083559:11713.17.S.17F:scan:847	0.79	8	NoID
-0.0	mzspec:MSV000083320:99826:scan:1099	0.79	8	NoID
0.0	mzspec:MSV000083559:11713.8.F.8B:scan:899	0.79	8	NoID
0.0	mzspec:MSV000083559:11713.18.S.18D:scan:687	0.79	8	NoID
0.0	mzspec:MSV000083559:11713.24.S.24A:scan:683	0.79	8	NoID
0.0	mzspec:MSV000083559:11713.6.O.6B:scan:795	0.79	8	NoID
-0.0	mzspec:MSV000085944:skin_11_90_OF:scan:972	0.79	8	NoID
0.04	mzspec:MSV000083559:11713.1.O.1C:scan:782	0.79	8	NoID
0.0	mzspec:MSV000088640:6034862:scan:880	0.79	8	NoID
0.0	mzspec:MSV000079697:group5_P2_G9:scan:814	0.79	8	NoID
-0.0	mzspec:MSV000087087:5556894:scan:912	0.79	8	NoID
0.0	mzspec:MSV000082433:456:scan:954	0.79	8	NoID
0.0	mzspec:MSV000083559:11713.7.F.7C:scan:808	0.79	8	NoID
0.0	mzspec:MSV000082433:M-174:scan:798	0.79	8	NoID
0.0	mzspec:MSV000079718:group2_P1_B4:scan:817	0.79	8	NoID
0.0	mzspec:MSV000080905:P3_EMP_3:scan:781	0.79	8	NoID
0.0	mzspec:MSV000083320:99558:scan:1104	0.79	8	NoID
0.0	mzspec:MSV000079720:group5_P1_E1:scan:595	0.79	8	NoID
0.0	mzspec:MSV000082433:M-200:scan:870	0.79	8	NoID
0.0	mzspec:MSV000080905:P2_EMP_33:scan:777	0.79	8	NoID
0.0	mzspec:MSV000079718:group2_P1_B8:scan:824	0.79	8	NoID
0.0	mzspec:MSV000079697:group2_P1_B4:scan:817	0.79	8	NoID
0.0	mzspec:MSV000082953:P5_A11:scan:1142	0.79	8	NoID
0.0	mzspec:MSV000079710:group1_P2_G7:scan:810	0.79	8	NoID
0.0	mzspec:MSV000083559:11713.4.O.4H:scan:693	0.79	8	NoID
-0.0	mzspec:MSV000079717:group2_P2_B6:scan:939	0.79	8	NoID
-0.0	mzspec:MSV000085944:skin_03_1440_OF:scan:971	0.79	8	NoID
0.0	mzspec:MSV000079697:group5_P2_F1:scan:820	0.79	8	NoID
-0.0	mzspec:MSV000083320:99811:scan:1100	0.79	8	NoID
0.0	mzspec:MSV000079697:group5_P1_E1:scan:595	0.79	8	NoID
0.0	mzspec:MSV000083559:11713.5.F.5A:scan:918	0.79	8	NoID
0.0	mzspec:MSV000083559:11713.4.F.4C:scan:876	0.79	8	NoID
0.0	mzspec:MSV000082953:P2_A1:scan:1194	0.79	8	NoID
0.0	mzspec:MSV000079720:group5_P1_H5:scan:810	0.79	8	NoID
-0.0	mzspec:MSV000083320:99874:scan:1112	0.79	8	NoID
-0.0	mzspec:MSV000083320:99678:scan:1003	0.79	8	NoID
-0.0	mzspec:MSV000079697:group2_P2_B6:scan:939	0.79	8	NoID
0.0	mzspec:MSV000083320:99354:scan:1031	0.79	8	NoID
0.0	mzspec:MSV000079719:group5_P2_G9:scan:814	0.79	8	NoID
0.0	mzspec:MSV000083559:11713.22.O.22B:scan:677	0.79	8	NoID
0.0	mzspec:MSV000079697:group5_P1_E9:scan:605	0.79	8	NoID
0.0	mzspec:MSV000083320:99501:scan:1061	0.79	8	NoID
0.0	mzspec:MSV000083559:11713.21.S.21A:scan:731	0.79	8	NoID
0.0	mzspec:MSV000079720:group5_P1_C9:scan:592	0.79	8	NoID
0.0	mzspec:MSV000083320:99456:scan:1128	0.79	8	NoID
0.0	mzspec:MSV000082433:550:scan:743	0.79	8	NoID
0.0	mzspec:MSV000080905:P3_EMP_93:scan:789	0.79	8	NoID
0.0	mzspec:MSV000083559:11713.11.O.11A:scan:814	0.79	8	NoID
0.0	mzspec:MSV000082433:290:scan:878	0.79	8	NoID
0.0	mzspec:MSV000079697:group1_P2_G7:scan:810	0.79	8	NoID
0.0	mzspec:MSV000080627:ONR_Stool_10:scan:809	0.79	8	NoID
0.0	mzspec:MSV000083320:99290:scan:1063	0.79	8	NoID
0.0	mzspec:MSV000079697:group5_P1_C9:scan:592	0.79	8	NoID
0.0	mzspec:MSV000083320:99722:scan:863	0.79	8	NoID
0.0	mzspec:MSV000082433:202:scan:672	0.79	8	NoID
0.0	mzspec:MSV000079697:group2_P1_E5:scan:934	0.79	7	NoID
-0.0	mzspec:MSV000079697:group1_P2_F8:scan:940	0.79	7	NoID
0.0	mzspec:MSV000082953:P4_D6:scan:1063	0.79	7	NoID
0.0	mzspec:MSV000083320:99407:scan:1115	0.79	7	NoID
0.0	mzspec:MSV000079697:group2_P1_E11:scan:940	0.79	7	NoID
0.0	mzspec:MSV000082953:Pooled_QC_mid_180917232808:scan:1241	0.79	7	NoID
0.0	mzspec:MSV000083320:99399:scan:988	0.79	7	NoID
0.0	mzspec:MSV000083320:99310:scan:1061	0.79	7	NoID
0.0	mzspec:MSV000079718:group2_P1_B9:scan:938	0.79	7	NoID
0.0	mzspec:MSV000079718:group2_P1_B3:scan:940	0.79	7	NoID
0.0	mzspec:MSV000079710:group1_P1_G11:scan:831	0.79	7	NoID
0.0	mzspec:MSV000083320:99405:scan:971	0.79	7	NoID
0.0	mzspec:MSV000082953:P3_D1:scan:1096	0.79	7	NoID
0.0	mzspec:MSV000079697:group1_P1_G11:scan:831	0.79	7	NoID
0.0	mzspec:MSV000079720:group5_P2_B10:scan:936	0.79	7	NoID
0.0	mzspec:MSV000083559:11713.5.S.5F:scan:849	0.79	7	NoID
0.0	mzspec:MSV000079717:group2_P2_F8:scan:859	0.79	7	NoID
0.0	mzspec:MSV000079697:group5_P1_B6:scan:937	0.79	7	NoID
0.0	mzspec:MSV000082433:M-633:scan:823	0.79	7	NoID
0.04	mzspec:MSV000081463:J1_1_Placenta_3_G_B5:scan:2310	0.79	7	NoID
0.0	mzspec:MSV000079697:group5_P2_A6:scan:941	0.79	7	NoID
0.0	mzspec:MSV000083320:99409:scan:1054	0.79	7	NoID
-0.0	mzspec:MSV000083521:Taitao2018_E38_12m:scan:1052	0.79	7	NoID
0.0	mzspec:MSV000083320:99842:scan:926	0.79	7	NoID
0.0	mzspec:MSV000079697:group1_P1_B9:scan:928	0.79	7	NoID
0.0	mzspec:MSV000083320:99781:scan:977	0.79	7	NoID
-0.0	mzspec:MSV000088021:KB_2020_50:scan:1027	0.79	7	NoID
0.0	mzspec:MSV000079697:group5_P2_B10:scan:936	0.79	7	NoID
0.0	mzspec:MSV000084314:MSV000080905:scan:71447	0.79	7	NoID
0.0	mzspec:MSV000082953:P4_A3:scan:1125	0.79	7	NoID
0.0	mzspec:MSV000082433:296:scan:825	0.79	7	NoID
0.0	mzspec:MSV000082433:M-615:scan:845	0.79	7	NoID
0.0	mzspec:MSV000082953:P4_B11:scan:1014	0.79	7	NoID
0.0	mzspec:MSV000083559:11713.10.O.10H:scan:793	0.79	7	NoID
0.0	mzspec:MSV000082433:178:scan:835	0.79	7	NoID
0.0	mzspec:MSV000082953:P2_B3:scan:998	0.79	7	NoID
0.0	mzspec:MSV000082331:C5_Hand_swab_pre_Peach_Peach2:scan:1325	0.79	7	NoID
0.0	mzspec:MSV000079720:group5_P1_E11:scan:927	0.79	7	NoID
-0.0	mzspec:MSV000088842:39C:scan:867	0.79	7	NoID
0.0	mzspec:MSV000082953:P3_D12:scan:1091	0.79	7	NoID
-0.0	mzspec:MSV000083521:Taitao2018_E30_25m:scan:1177	0.79	7	NoID
0.0	mzspec:MSV000082953:blank_swab_mid_180918084856:scan:1027	0.79	7	NoID
-0.0	mzspec:MSV000088842:36C:scan:979	0.79	7	NoID
-0.0	mzspec:MSV000088842:37C:scan:977	0.79	7	NoID
-0.02	mzspec:MSV000088021:KB_2020_62:scan:864	0.79	7	NoID
-0.0	mzspec:MSV000088021:KB_2020_83:scan:1128	0.79	7	NoID
0.0	mzspec:MSV000083559:11713.15.O.15F:scan:852	0.79	7	NoID
0.0	mzspec:MSV000079720:group5_P1_G9:scan:931	0.79	7	NoID
-0.0	mzspec:MSV000083521:Taitao2018_E25_12m:scan:1051	0.79	7	NoID
0.0	mzspec:MSV000079697:group2_P2_F8:scan:859	0.79	7	NoID
0.0	mzspec:MSV000079706:group3_P1_F11:scan:832	0.79	7	NoID
0.0	mzspec:MSV000079717:group2_P1_E11:scan:940	0.79	7	NoID
-0.0	mzspec:MSV000079717:group2_P2_E2:scan:946	0.79	7	NoID
0.0	mzspec:MSV000082953:P5_D6:scan:1162	0.79	7	NoID
0.0	mzspec:MSV000079697:group5_P1_H8:scan:938	0.79	7	NoID
-0.0	mzspec:MSV000079710:group1_P1_B7:scan:952	0.79	7	NoID
0.0	mzspec:MSV000079709:group1_P1_D12:scan:824	0.79	7	NoID
0.0	mzspec:MSV000079697:group5_P1_D4:scan:929	0.79	7	NoID
0.0	mzspec:MSV000079697:group3_P1_F11:scan:832	0.79	7	NoID
0.0	mzspec:MSV000082953:P3_C12:scan:908	0.79	7	NoID
0.0	mzspec:MSV000079720:group5_P1_B5:scan:931	0.79	7	NoID
-0.0	mzspec:MSV000079707:group3_P1_B5:scan:952	0.79	7	NoID
0.0	mzspec:MSV000079697:group5_P1_H2:scan:939	0.79	7	NoID
0.0	mzspec:MSV000079697:group1_P1_D12:scan:824	0.79	7	NoID
0.0	mzspec:MSV000082953:P5_D10:scan:1100	0.79	7	NoID
0.0	mzspec:MSV000082953:P3_B8:scan:1037	0.79	7	NoID
0.0	mzspec:MSV000083320:99596:scan:892	0.79	7	NoID
0.0	mzspec:MSV000083320:99335:scan:992	0.79	7	NoID
0.0	mzspec:MSV000082953:P1_B12:scan:586	0.79	7	NoID
0.0	mzspec:MSV000079714:group4_P2_E5:scan:815	0.79	7	NoID
0.0	mzspec:MSV000079720:group5_P2_A6:scan:941	0.79	7	NoID
-0.0	mzspec:MSV000079709:group1_P1_A2:scan:939	0.79	7	NoID
0.0	mzspec:MSV000083541:S2_blank_90EtOH_171006062018:scan:809	0.79	7	NoID
0.0	mzspec:MSV000079710:group1_P1_B9:scan:928	0.79	7	NoID
0.0	mzspec:MSV000079697:group2_P1_B3:scan:940	0.79	7	NoID
-0.0	mzspec:MSV000083320:99671:scan:977	0.79	7	NoID
0.0	mzspec:MSV000079706:group3_P1_G7:scan:843	0.79	7	NoID
-0.0	mzspec:MSV000079697:group1_P1_B7:scan:952	0.79	7	NoID
0.0	mzspec:MSV000082953:P4_A8:scan:1021	0.79	7	NoID
-0.0	mzspec:MSV000079697:group3_P1_B5:scan:952	0.79	7	NoID
0.0	mzspec:MSV000079697:group4_P2_E5:scan:815	0.79	7	NoID
0.04	mzspec:MSV000083559:11713.11.F.11C:scan:838	0.79	7	NoID
0.0	mzspec:MSV000079697:group2_P1_C4:scan:947	0.79	7	NoID
0.0	mzspec:MSV000079697:group1_P2_F11:scan:931	0.79	7	NoID
-0.0	mzspec:MSV000079697:group1_P1_A2:scan:939	0.79	7	NoID
0.0	mzspec:MSV000083559:11713.9.S.9C:scan:776	0.79	7	NoID
0.0	mzspec:MSV000079697:group3_P1_G7:scan:843	0.79	7	NoID
0.0	mzspec:MSV000079710:group1_P2_F11:scan:931	0.79	7	NoID
0.0	mzspec:MSV000082433:486:scan:745	0.79	7	NoID
-0.0	mzspec:MSV000079709:group1_P2_F8:scan:940	0.79	7	NoID
0.0	mzspec:MSV000079720:group5_P1_H8:scan:938	0.79	7	NoID
0.0	mzspec:MSV000083559:11713.4.S.4F:scan:780	0.79	7	NoID
0.0	mzspec:MSV000079697:group1_P2_C8:scan:932	0.79	7	NoID
0.0	mzspec:MSV000079709:group1_P2_C8:scan:932	0.79	7	NoID
0.0	mzspec:MSV000079697:group1_P1_D9:scan:943	0.79	7	NoID
0.0	mzspec:MSV000082953:P3_B4:scan:1212	0.79	7	NoID
0.0	mzspec:MSV000082433:694:scan:819	0.79	7	NoID
0.0	mzspec:MSV000083320:99289:scan:989	0.79	7	NoID
0.0	mzspec:MSV000082953:P5_C2:scan:1246	0.79	7	NoID
0.0	mzspec:MSV000083559:11713.17.O.17B:scan:835	0.79	7	NoID
-0.0	mzspec:MSV000079710:group1_P1_A2:scan:939	0.79	7	NoID
0.0	mzspec:MSV000083559:11713.11.S.11B:scan:839	0.79	7	NoID
0.0	mzspec:MSV000083475:7H3_8_74_thomas-19-s040-a02:scan:665	0.79	7	NoID
-0.0	mzspec:MSV000079717:group2_P1_E9:scan:947	0.79	7	NoID
-0.0	mzspec:MSV000085944:skin_09_600_FH:scan:975	0.79	7	NoID
0.0	mzspec:MSV000079709:group1_P2_F7:scan:821	0.79	7	NoID
0.0	mzspec:MSV000082433:628:scan:813	0.79	7	NoID
0.0	mzspec:MSV000083475:1907_EMPv2_SIRIUS:scan:665	0.79	7	NoID
0.0	mzspec:MSV000079697:group5_P1_E11:scan:927	0.79	7	NoID
0.0	mzspec:MSV000079697:group2_P1_F1:scan:823	0.79	7	NoID
0.0	mzspec:MSV000079697:group5_P1_B5:scan:931	0.79	7	NoID
0.0	mzspec:MSV000082433:M-367:scan:742	0.79	7	NoID
-0.02	mzspec:MSV000088021:KB_2020_223:scan:209	0.79	7	NoID
0.0	mzspec:MSV000083320:99293:scan:986	0.79	7	NoID
-0.0	mzspec:MSV000088842:22C:scan:979	0.79	7	NoID
0.0	mzspec:MSV000079720:group5_P1_D4:scan:929	0.79	7	NoID
0.0	mzspec:MSV000079697:group2_P1_B9:scan:938	0.79	7	NoID
0.0	mzspec:MSV000079717:group2_P1_C4:scan:947	0.79	7	NoID
0.0	mzspec:MSV000083559:11713.25.F.25A:scan:941	0.79	7	NoID
0.0	mzspec:MSV000082433:66:scan:822	0.79	7	NoID
0.0	mzspec:MSV000083559:11713.Swab.Ctrl.2:scan:827	0.79	7	NoID
0.0	mzspec:MSV000083559:11713.24.F.24A:scan:840	0.79	7	NoID
0.0	mzspec:MSV000079697:group5_P1_G9:scan:931	0.79	7	NoID
-0.0	mzspec:MSV000088842:24A:scan:988	0.79	7	NoID
0.0	mzspec:MSV000083320:99548:scan:917	0.79	7	NoID
0.0	mzspec:MSV000083559:11713.19.F.19B.WYD9:scan:884	0.79	7	NoID
0.0	mzspec:MSV000083559:11713.13.S.13A:scan:790	0.79	7	NoID
0.0	mzspec:MSV000079717:group2_P1_F1:scan:823	0.79	7	NoID
0.0	mzspec:MSV000079720:group5_P1_H2:scan:939	0.79	7	NoID
0.0	mzspec:MSV000079720:group5_P1_B6:scan:937	0.79	7	NoID
-0.0	mzspec:MSV000087087:5556816:scan:924	0.79	7	NoID
-0.0	mzspec:MSV000083320:99726:scan:1040	0.79	7	NoID
0.0	mzspec:MSV000079710:group1_P1_B5:scan:813	0.79	7	NoID
-0.0	mzspec:MSV000079697:group2_P1_E9:scan:947	0.79	7	NoID
0.0	mzspec:MSV000083320:99508:scan:869	0.79	7	NoID
0.0	mzspec:MSV000083300:BP000096952_p:scan:825	0.79	7	NoID
0.0	mzspec:MSV000083320:99580:scan:982	0.79	7	NoID
0.0	mzspec:MSV000079697:group1_P2_F7:scan:821	0.79	7	NoID
0.0	mzspec:MSV000079709:group1_P1_D9:scan:943	0.79	7	NoID
0.0	mzspec:MSV000079697:group5_P2_E6:scan:941	0.79	7	NoID
0.0	mzspec:MSV000083300:BP000097010_p:scan:944	0.79	7	NoID
-0.0	mzspec:MSV000088021:KB_2020_45:scan:1030	0.79	7	NoID
0.0	mzspec:MSV000079717:group2_P1_E5:scan:934	0.79	7	NoID
0.0	mzspec:MSV000082433:M-553:scan:828	0.79	7	NoID
0.0	mzspec:MSV000083559:11713.19.F.19C:scan:898	0.79	7	NoID
0.0	mzspec:MSV000082433:M-0025:scan:826	0.79	7	NoID
0.0	mzspec:MSV000079720:group5_P2_E6:scan:941	0.79	7	NoID
0.0	mzspec:MSV000083264:12867_POS:scan:3061	0.79	7	NoID
0.0	mzspec:MSV000079697:group1_P1_B5:scan:813	0.79	7	NoID
-0.0	mzspec:MSV000079697:group2_P2_E2:scan:946	0.79	7	NoID
0.0	mzspec:MSV000082331:D2_swab_blank:scan:1079	0.79	6	NoID
0.0	mzspec:MSV000086415:37393077:scan:879	0.78	8	NoID
0.0	mzspec:MSV000080627:ONR_Stool_6:scan:881	0.78	8	NoID
-0.0	mzspec:MSV000079706:group3_P2_F6:scan:963	0.78	8	NoID
0.0	mzspec:MSV000080627:ONR_Stool_31:scan:816	0.78	8	NoID
-0.0	mzspec:MSV000087087:5556795:scan:923	0.78	8	NoID
0.0	mzspec:MSV000079706:group3_P2_B5:scan:863	0.78	8	NoID
0.0	mzspec:MSV000083320:99782:scan:1091	0.78	8	NoID
0.0	mzspec:MSV000079697:group3_P2_B5:scan:863	0.78	8	NoID
0.0	mzspec:MSV000083320:99437:scan:1095	0.78	8	NoID
0.0	mzspec:MSV000079720:group5_P1_F2:scan:596	0.78	8	NoID
0.04	mzspec:MSV000083320:99873:scan:1032	0.78	8	NoID
0.0	mzspec:MSV000079697:group5_P1_F2:scan:596	0.78	8	NoID
-0.0	mzspec:MSV000088021:KB_2020_38:scan:1383	0.78	8	NoID
0.0	mzspec:MSV000080627:ONR_Stool_33:scan:896	0.78	8	NoID
0.0	mzspec:MSV000080627:ONR_Stool_22:scan:877	0.78	8	NoID
0.0	mzspec:MSV000083559:11713.10.O.10D:scan:897	0.78	8	NoID
-0.02	mzspec:MSV000083521:Taitao2018_E31_2m:scan:919	0.78	8	NoID
-0.0	mzspec:MSV000085944:skin_05_1440_OF:scan:956	0.78	8	NoID
-0.0	mzspec:MSV000087087:5556671:scan:924	0.78	8	NoID
0.0	mzspec:MSV000083475:7G2_8_63_song-51-s014-a04:scan:757	0.78	8	NoID
-0.0	mzspec:MSV000079697:group3_P2_F6:scan:963	0.78	8	NoID
-0.0	mzspec:MSV000088021:KB_2020_215:scan:1307	0.78	8	NoID
0.0	mzspec:MSV000082433:580:scan:758	0.78	8	NoID
0.0	mzspec:MSV000083559:11713.12.O.12B:scan:683	0.78	8	NoID
0.0	mzspec:MSV000083559:11713.18.O.18D:scan:684	0.78	8	NoID
0.0	mzspec:MSV000079720:group5_P1_H7:scan:607	0.78	8	NoID
0.0	mzspec:MSV000079718:group2_P1_D7:scan:742	0.78	8	NoID
0.0	mzspec:MSV000079697:group5_P1_H7:scan:607	0.78	8	NoID
0.0	mzspec:MSV000083559:11713.1.F.1D:scan:817	0.78	8	NoID
0.0	mzspec:MSV000088137:2090:scan:818	0.78	8	NoID
-0.0	mzspec:MSV000088842:40E:scan:970	0.78	8	NoID
0.0	mzspec:MSV000079697:group5_P1_D1:scan:592	0.78	8	NoID
0.0	mzspec:MSV000083300:BP000096914_p:scan:850	0.78	8	NoID
0.0	mzspec:MSV000079697:group5_P1_H11:scan:603	0.78	8	NoID
0.0	mzspec:MSV000085944:skin_01_480_OF:scan:876	0.78	8	NoID
0.0	mzspec:MSV000079720:group5_P1_H11:scan:603	0.78	8	NoID
0.0	mzspec:MSV000079720:group5_P1_D1:scan:592	0.78	8	NoID
-0.0	mzspec:MSV000082953:P2_A2:scan:1341	0.78	8	NoID
0.0	mzspec:MSV000079697:group4_P1_C2:scan:815	0.78	8	NoID
0.0	mzspec:MSV000079697:group5_P1_F6:scan:576	0.78	8	NoID
-0.0	mzspec:MSV000087087:5556775:scan:928	0.78	8	NoID
0.0	mzspec:MSV000083559:11713.1.O.1H:scan:687	0.78	8	NoID
0.0	mzspec:MSV000079709:group1_P2_F5:scan:613	0.78	8	NoID
0.0	mzspec:MSV000079697:group1_P2_F5:scan:613	0.78	8	NoID
0.0	mzspec:MSV000079712:group4_P1_C2:scan:815	0.78	8	NoID
0.0	mzspec:MSV000083320:99376:scan:1059	0.78	8	NoID
-0.03	mzspec:MSV000079697:group4_P2_F10:scan:865	0.78	8	NoID
-0.03	mzspec:MSV000079714:group4_P2_F10:scan:865	0.78	8	NoID
0.0	mzspec:MSV000083300:BP000096841_p:scan:853	0.78	8	NoID
0.0	mzspec:MSV000079697:group2_P1_D7:scan:742	0.78	8	NoID
0.0	mzspec:MSV000079720:group5_P1_F6:scan:576	0.78	8	NoID
0.0	mzspec:MSV000083320:99711:scan:1023	0.78	8	NoID
-0.0	mzspec:MSV000079710:group1_P1_A1:scan:934	0.78	7	NoID
-0.0	mzspec:MSV000079697:group1_P2_A7:scan:957	0.78	7	NoID
0.0	mzspec:MSV000082953:Pooled_QC_mid_180919223005:scan:1091	0.78	7	NoID
-0.0	mzspec:MSV000079697:group1_P2_D6:scan:937	0.78	7	NoID
-0.0	mzspec:MSV000079720:group5_P2_A3:scan:952	0.78	7	NoID
0.0	mzspec:MSV000082433:690:scan:812	0.78	7	NoID
-0.0	mzspec:MSV000083521:Taitao2018_E25_900m:scan:1051	0.78	7	NoID
0.0	mzspec:MSV000086415:33400773:scan:892	0.78	7	NoID
0.0	mzspec:MSV000079720:group5_P1_H10:scan:938	0.78	7	NoID
0.0	mzspec:MSV000082953:P2_C10:scan:1044	0.78	7	NoID
-0.0	mzspec:MSV000079710:group1_P1_B6:scan:939	0.78	7	NoID
0.0	mzspec:MSV000079720:group5_P1_D11:scan:937	0.78	7	NoID
0.0	mzspec:MSV000079697:group3_P2_F8:scan:885	0.78	7	NoID
-0.0	mzspec:MSV000079709:group1_P2_D9:scan:953	0.78	7	NoID
0.0	mzspec:MSV000079720:group5_P1_H6:scan:940	0.78	7	NoID
-0.0	mzspec:MSV000079710:group1_P2_A7:scan:957	0.78	7	NoID
0.0	mzspec:MSV000079720:group5_P1_B1:scan:940	0.78	7	NoID
0.0	mzspec:MSV000079720:group5_P1_E7:scan:940	0.78	7	NoID
0.0	mzspec:MSV000083320:99572:scan:1072	0.78	7	NoID
-0.0	mzspec:MSV000079697:group1_P2_A11:scan:948	0.78	7	NoID
0.0	mzspec:MSV000079720:group5_P1_B7_3:scan:948	0.78	7	NoID
-0.0	mzspec:MSV000079697:group1_P2_E7:scan:940	0.78	7	NoID
-0.0	mzspec:MSV000079697:group1_P1_H3:scan:953	0.78	7	NoID
-0.0	mzspec:MSV000079717:group2_P2_B1:scan:946	0.78	7	NoID
0.0	mzspec:MSV000082953:P3_C11:scan:1204	0.78	7	NoID
0.0	mzspec:MSV000079697:group4_P2_B10:scan:785	0.78	7	NoID
-0.0	mzspec:MSV000079709:group1_P2_E7:scan:940	0.78	7	NoID
-0.0	mzspec:MSV000079697:group1_P1_F1:scan:946	0.78	7	NoID
-0.0	mzspec:MSV000079709:group1_P2_D6:scan:937	0.78	7	NoID
-0.0	mzspec:MSV000079707:group3_P1_C2:scan:941	0.78	7	NoID
-0.0	mzspec:MSV000079697:group1_P1_B6:scan:939	0.78	7	NoID
-0.0	mzspec:MSV000079697:group1_P1_A1:scan:934	0.78	7	NoID
-0.0	mzspec:MSV000079720:group5_P2_E11:scan:960	0.78	7	NoID
-0.0	mzspec:MSV000079709:group1_P1_A1:scan:934	0.78	7	NoID
-0.0	mzspec:MSV000079697:group1_P2_D9:scan:953	0.78	7	NoID
0.0	mzspec:MSV000082953:P5_C5:scan:950	0.78	7	NoID
-0.0	mzspec:MSV000079709:group1_P1_D4:scan:942	0.78	7	NoID
-0.0	mzspec:MSV000088021:KB_2020_22:scan:1153	0.78	7	NoID
-0.0	mzspec:MSV000079697:group5_P2_A2:scan:954	0.78	7	NoID
0.0	mzspec:MSV000079697:group5_P1_D11:scan:937	0.78	7	NoID
0.0	mzspec:MSV000079697:group5_P1_F3:scan:804	0.78	7	NoID
-0.0	mzspec:MSV000079697:group2_P1_D10:scan:946	0.78	7	NoID
0.0	mzspec:MSV000079697:group1_P2_D8:scan:933	0.78	7	NoID
0.0	mzspec:MSV000079709:group1_P2_C11:scan:934	0.78	7	NoID
0.0	mzspec:MSV000082433:M-031:scan:814	0.78	7	NoID
0.0	mzspec:MSV000079697:group5_P1_D3:scan:937	0.78	7	NoID
0.0	mzspec:MSV000083559:11713.20.S.20A:scan:682	0.78	7	NoID
0.0	mzspec:MSV000079707:group3_P1_B11:scan:933	0.78	7	NoID
0.0	mzspec:MSV000082433:482:scan:739	0.78	7	NoID
0.0	mzspec:MSV000079697:group5_P1_E7:scan:940	0.78	7	NoID
0.0	mzspec:MSV000082433:M-524:scan:723	0.78	7	NoID
0.0	mzspec:MSV000079720:group5_P1_E3:scan:941	0.78	7	NoID
0.0	mzspec:MSV000079720:group5_P1_D3:scan:937	0.78	7	NoID
-0.0	mzspec:MSV000079709:group1_P2_E5:scan:942	0.78	7	NoID
0.0	mzspec:MSV000079697:group5_P1_B1:scan:940	0.78	7	NoID
0.0	mzspec:MSV000079697:group5_P1_C8:scan:934	0.78	7	NoID
-0.0	mzspec:MSV000079697:group5_P2_E11:scan:960	0.78	7	NoID
-0.0	mzspec:MSV000079697:group2_P2_B1:scan:946	0.78	7	NoID
-0.0	mzspec:MSV000079697:group5_P2_A3:scan:952	0.78	7	NoID
-0.0	mzspec:MSV000079697:group3_P1_C2:scan:941	0.78	7	NoID
-0.0	mzspec:MSV000088021:KB_2020_61:scan:1016	0.78	7	NoID
0.0	mzspec:MSV000079709:group1_P2_D8:scan:933	0.78	7	NoID
-0.0	mzspec:MSV000079706:group3_P1_H11:scan:948	0.78	7	NoID
0.0	mzspec:MSV000083559:11713.14.O.14B:scan:771	0.78	7	NoID
0.0	mzspec:MSV000079697:group5_P1_B7_3:scan:948	0.78	7	NoID
0.0	mzspec:MSV000079697:group5_P1_H10:scan:938	0.78	7	NoID
0.0	mzspec:MSV000079697:group5_P1_G11:scan:802	0.78	7	NoID
0.0	mzspec:MSV000082433:146:scan:881	0.78	7	NoID
0.0	mzspec:MSV000079706:group3_P2_F8:scan:885	0.78	7	NoID
-0.0	mzspec:MSV000079697:group1_P2_E5:scan:942	0.78	7	NoID
0.0	mzspec:MSV000079697:group3_P1_A2:scan:938	0.78	7	NoID
-0.0	mzspec:MSV000079710:group1_P1_H3:scan:953	0.78	7	NoID
0.0	mzspec:MSV000079720:group5_P1_C8:scan:934	0.78	7	NoID
-0.0	mzspec:MSV000079718:group2_P1_D10:scan:946	0.78	7	NoID
0.0	mzspec:MSV000082433:578:scan:817	0.78	7	NoID
-0.0	mzspec:MSV000079718:group2_P1_D9:scan:944	0.78	7	NoID
-0.0	mzspec:MSV000079720:group5_P2_A2:scan:954	0.78	7	NoID
0.0	mzspec:MSV000079720:group5_P2_A4:scan:954	0.78	7	NoID
-0.0	mzspec:MSV000079709:group1_P1_F1:scan:946	0.78	7	NoID
-0.0	mzspec:MSV000079710:group1_P2_A11:scan:948	0.78	7	NoID
-0.0	mzspec:MSV000079717:group2_P1_E8:scan:940	0.78	7	NoID
-0.0	mzspec:MSV000079697:group1_P1_D4:scan:942	0.78	7	NoID
0.0	mzspec:MSV000079697:group5_P2_A4:scan:954	0.78	7	NoID
0.0	mzspec:MSV000083559:11713.23.S.23C:scan:680	0.78	7	NoID
0.0	mzspec:MSV000082433:M-459:scan:832	0.78	7	NoID
0.0	mzspec:MSV000079697:group2_P1_A5:scan:930	0.78	7	NoID
-0.0	mzspec:MSV000079697:group1_P2_D1:scan:947	0.78	7	NoID
-0.0	mzspec:MSV000085944:skin_11_60_OF:scan:979	0.78	7	NoID
0.0	mzspec:MSV000079714:group4_P2_B10:scan:785	0.78	7	NoID
-0.0	mzspec:MSV000079709:group1_P2_D1:scan:947	0.78	7	NoID
-0.0	mzspec:MSV000079707:group3_P1_H11:scan:948	0.78	7	NoID
0.0	mzspec:MSV000079697:group1_P2_C11:scan:934	0.78	7	NoID
0.0	mzspec:MSV000083320:99578:scan:1104	0.78	7	NoID
0.0	mzspec:MSV000079719:group5_P2_G8:scan:955	0.78	7	NoID
-0.0	mzspec:MSV000088021:KB_2020_46:scan:1027	0.78	7	NoID
0.0	mzspec:MSV000079717:group2_P1_C6:scan:948	0.78	7	NoID
-0.0	mzspec:MSV000088021:KB_2020_12:scan:1203	0.78	7	NoID
0.0	mzspec:MSV000079717:group2_P1_A5:scan:930	0.78	7	NoID
0.0	mzspec:MSV000083559:11713.5.S.5E.P3:scan:852	0.78	7	NoID
0.0	mzspec:MSV000079720:group5_P1_G11:scan:802	0.78	7	NoID
0.0	mzspec:MSV000079697:group5_P1_F1:scan:928	0.78	7	NoID
0.0	mzspec:MSV000079697:group5_P2_D10:scan:822	0.78	7	NoID
0.0	mzspec:MSV000082953:Pooled_QC_mid_180918114234:scan:1147	0.78	7	NoID
0.0	mzspec:MSV000082953:P4_C1:scan:1119	0.78	7	NoID
0.0	mzspec:MSV000082953:P5_D3:scan:1140	0.78	7	NoID
0.0	mzspec:MSV000083559:11713.10.F.10B:scan:873	0.78	7	NoID
0.0	mzspec:MSV000079720:group5_P1_F3:scan:804	0.78	7	NoID
0.0	mzspec:MSV000079697:group5_P1_E4:scan:929	0.78	7	NoID
0.0	mzspec:MSV000083559:11713.20.O.20F:scan:690	0.78	7	NoID
0.0	mzspec:MSV000082953:P1_C4:scan:1099	0.78	7	NoID
-0.0	mzspec:MSV000082953:blank_noSwab_mid_180919193628:scan:2429	0.78	7	NoID
0.0	mzspec:MSV000083559:11713.23.S.23B:scan:681	0.78	7	NoID
0.0	mzspec:MSV000079720:group5_P2_D10:scan:822	0.78	7	NoID
0.0	mzspec:MSV000083559:11713.19.S.19C:scan:792	0.78	7	NoID
0.0	mzspec:MSV000082953:Pooled_QC_mid_180918054159:scan:1151	0.78	7	NoID
0.0	mzspec:MSV000083559:11713.3.S.3B:scan:688	0.78	7	NoID
0.0	mzspec:MSV000083559:11713.5.O.5G:scan:884	0.78	7	NoID
0.0	mzspec:MSV000079710:group1_P2_H1:scan:830	0.78	7	NoID
0.0	mzspec:MSV000079710:group1_P1_G3:scan:821	0.78	7	NoID
0.0	mzspec:MSV000079697:group1_P1_G3:scan:821	0.78	7	NoID
0.0	mzspec:MSV000079706:group3_P1_G4:scan:836	0.78	7	NoID
0.0	mzspec:MSV000079710:group1_P2_B7:scan:841	0.78	7	NoID
0.0	mzspec:MSV000079710:group1_P2_H9:scan:928	0.78	7	NoID
0.0	mzspec:MSV000079697:group1_P2_H1:scan:830	0.78	7	NoID
0.0	mzspec:MSV000079697:group2_P1_E7:scan:822	0.78	7	NoID
0.0	mzspec:MSV000079697:group1_P2_B7:scan:841	0.78	7	NoID
0.0	mzspec:MSV000082953:P4_D4:scan:1015	0.78	7	NoID
-0.0	mzspec:MSV000085944:skin_02_60_OF:scan:940	0.78	7	NoID
-0.0	mzspec:MSV000085944:skin_10_120_FH:scan:953	0.78	7	NoID
0.0	mzspec:MSV000083320:99398:scan:985	0.78	7	NoID
-0.0	mzspec:MSV000085944:skin_05_60_UB:scan:945	0.78	7	NoID
-0.0	mzspec:MSV000088842:33A:scan:976	0.78	7	NoID
-0.0	mzspec:MSV000088842:30C:scan:972	0.78	7	NoID
-0.0	mzspec:MSV000088842:42B:scan:971	0.78	7	NoID
0.0	mzspec:MSV000083559:11713.8.F.8F:scan:884	0.78	7	NoID
0.0	mzspec:MSV000083320:99499:scan:976	0.78	7	NoID
0.0	mzspec:MSV000082953:P4_A10:scan:1086	0.78	7	NoID
-0.0	mzspec:MSV000088842:20C:scan:962	0.78	7	NoID
0.0	mzspec:MSV000083320:99447:scan:974	0.78	7	NoID
-0.0	mzspec:MSV000085944:skin_02_480_UB:scan:943	0.78	7	NoID
0.0	mzspec:MSV000087948:CMI_YC1_05ul:scan:915	0.78	7	NoID
0.0	mzspec:MSV000083559:11713.2.S.2F:scan:832	0.78	7	NoID
0.0	mzspec:MSV000083559:11713.22.S.22F:scan:784	0.78	7	NoID
0.0	mzspec:MSV000079697:group2_P1_C6:scan:948	0.78	7	NoID
0.0	mzspec:MSV000083559:11713.18.O.18B:scan:697	0.78	7	NoID
0.0	mzspec:MSV000083559:11713.5.S.5A:scan:697	0.78	7	NoID
-0.02	mzspec:MSV000088021:KB_2020_84:scan:863	0.78	7	NoID
-0.02	mzspec:MSV000088021:KB_2020_75:scan:875	0.78	7	NoID
0.0	mzspec:MSV000079697:group5_P1_B3:scan:932	0.78	7	NoID
0.0	mzspec:MSV000079720:group5_P1_E4:scan:929	0.78	7	NoID
-0.0	mzspec:MSV000085944:skin_07_480_UB:scan:1004	0.78	7	NoID
0.0	mzspec:MSV000079717:group2_P1_E7:scan:822	0.78	7	NoID
0.0	mzspec:MSV000082433:M-202:scan:879	0.78	7	NoID
0.0	mzspec:MSV000079697:group1_P1_C8:scan:815	0.78	7	NoID
-0.0	mzspec:MSV000088640:6035059:scan:989	0.78	7	NoID
-0.0	mzspec:MSV000082953:P5_D5:scan:1265	0.78	7	NoID
0.0	mzspec:MSV000083320:99529:scan:1107	0.78	7	NoID
0.0	mzspec:MSV000079709:group1_P2_F4:scan:810	0.78	7	NoID
0.0	mzspec:MSV000082953:P5_D1:scan:1096	0.78	7	NoID
0.0	mzspec:MSV000079697:group1_P2_E6:scan:930	0.78	7	NoID
0.0	mzspec:MSV000079712:group4_P1_F3:scan:809	0.78	7	NoID
0.0	mzspec:MSV000086415:2525608:scan:889	0.78	7	NoID
0.0	mzspec:MSV000079720:group5_P1_B3:scan:932	0.78	7	NoID
-0.0	mzspec:MSV000079697:group3_P1_H11:scan:948	0.78	7	NoID
0.0	mzspec:MSV000082953:blank_swab_mid_180919224326:scan:1070	0.78	7	NoID
0.04	mzspec:MSV000083521:Taitao2018_E11_2m:scan:987	0.78	7	NoID
0.0	mzspec:MSV000083320:99605:scan:970	0.78	7	NoID
0.0	mzspec:MSV000079697:group5_P1_E3:scan:941	0.78	7	NoID
-0.0	mzspec:MSV000079697:group2_P1_D9:scan:944	0.78	7	NoID
-0.0	mzspec:MSV000085944:skin_04_90_FH:scan:952	0.78	7	NoID
-0.0	mzspec:MSV000085944:skin_03_90_FH:scan:977	0.78	7	NoID
0.0	mzspec:MSV000082953:Pooled_QC_mid_180918211632:scan:1118	0.78	7	NoID
-0.0	mzspec:MSV000087087:5556653:scan:841	0.78	7	NoID
-0.0	mzspec:MSV000085944:skin_04_480_OF:scan:851	0.78	7	NoID
0.0	mzspec:MSV000079697:group5_P2_G8:scan:955	0.78	7	NoID
0.0	mzspec:MSV000079697:group1_P2_E3:scan:820	0.78	7	NoID
0.0	mzspec:MSV000083559:11713.3.O.3F:scan:690	0.78	7	NoID
0.0	mzspec:MSV000082433:132:scan:839	0.78	7	NoID
0.0	mzspec:MSV000082433:164:scan:818	0.78	7	NoID
0.0	mzspec:MSV000082433:234:scan:906	0.78	7	NoID
0.0	mzspec:MSV000082433:186:scan:829	0.78	7	NoID
-0.02	mzspec:MSV000088021:KB_2020_59:scan:874	0.78	7	NoID
0.04	mzspec:MSV000083559:11713.20.O.20C:scan:796	0.78	7	NoID
0.0	mzspec:MSV000080627:ONR_Stool_7:scan:785	0.78	7	NoID
0.0	mzspec:MSV000079697:group5_P1_H6:scan:940	0.78	7	NoID
0.0	mzspec:MSV000079697:group4_P1_F3:scan:809	0.78	7	NoID
0.0	mzspec:MSV000079709:group1_P2_E3:scan:820	0.78	7	NoID
0.0	mzspec:MSV000079709:group1_P1_C8:scan:815	0.78	7	NoID
0.0	mzspec:MSV000079710:group1_P1_G7:scan:1099	0.78	7	NoID
-0.0	mzspec:MSV000079697:group2_P1_E8:scan:940	0.78	7	NoID
0.0	mzspec:MSV000083320:99298:scan:939	0.78	7	NoID
0.0	mzspec:MSV000083320:99427:scan:1101	0.78	7	NoID
0.0	mzspec:MSV000083320:99682:scan:630	0.78	7	NoID
0.0	mzspec:MSV000083320:99559:scan:971	0.78	7	NoID
0.0	mzspec:MSV000079720:group5_P1_F1:scan:928	0.78	7	NoID
0.0	mzspec:MSV000079697:group3_P1_B11:scan:933	0.78	7	NoID
0.0	mzspec:MSV000079697:group1_P1_G7:scan:1099	0.78	7	NoID
0.0	mzspec:MSV000079697:group1_P2_H9:scan:928	0.78	7	NoID
0.0	mzspec:MSV000083320:99865:scan:921	0.78	7	NoID
0.0	mzspec:MSV000082433:874:scan:740	0.78	7	NoID
0.0	mzspec:MSV000079697:group1_P2_F4:scan:810	0.78	7	NoID
0.0	mzspec:MSV000079709:group1_P2_E6:scan:930	0.78	7	NoID
0.0	mzspec:MSV000083559:11713.7.F.7A:scan:926	0.78	7	NoID
0.0	mzspec:MSV000079697:group3_P1_G4:scan:836	0.78	7	NoID
-0.0	mzspec:MSV000083320:99567:scan:967	0.78	7	NoID
0.0	mzspec:MSV000088842:28C:scan:533	0.78	6	NoID
0.0	mzspec:MSV000083320:99428:scan:974	0.78	6	NoID
0.0	mzspec:MSV000079697:group1_P1_D6:scan:551	0.77	8	NoID
0.0	mzspec:MSV000079709:group1_P1_D6:scan:551	0.77	8	NoID
0.0	mzspec:MSV000079697:group5_P2_H6:scan:831	0.77	8	NoID
0.0	mzspec:MSV000079720:group5_P1_C2:scan:622	0.77	8	NoID
0.0	mzspec:MSV000079720:group5_P1_B8:scan:794	0.77	8	NoID
-0.0	mzspec:MSV000083521:Taitao2018_E13_12m:scan:1219	0.77	8	NoID
0.0	mzspec:MSV000083559:11713.19.F.19A:scan:790	0.77	8	NoID
-0.0	mzspec:MSV000088842:35D:scan:981	0.77	8	NoID
0.0	mzspec:MSV000083320:99504:scan:1081	0.77	8	NoID
-0.0	mzspec:MSV000085944:skin_03_600_UB:scan:972	0.77	8	NoID
0.0	mzspec:MSV000079719:group5_P2_H6:scan:831	0.77	8	NoID
0.0	mzspec:MSV000079697:group5_P1_C2:scan:622	0.77	8	NoID
0.0	mzspec:MSV000079697:group5_P1_B8:scan:794	0.77	8	NoID
0.0	mzspec:MSV000079720:group5_P1_C1:scan:580	0.77	8	NoID
0.0	mzspec:MSV000082433:M-667:scan:760	0.77	8	NoID
0.0	mzspec:MSV000079697:group5_P1_C1:scan:580	0.77	8	NoID
-0.0	mzspec:MSV000082953:P5_C7:scan:1333	0.77	8	NoID
0.0	mzspec:MSV000079697:group4_P2_E11:scan:963	0.77	8	NoID
0.0	mzspec:MSV000079697:group5_P1_E12:scan:616	0.77	8	NoID
0.0	mzspec:MSV000079697:group5_P2_G1:scan:834	0.77	8	NoID
0.0	mzspec:MSV000088640:6035066:scan:856	0.77	8	NoID
0.0	mzspec:MSV000079697:group3_P1_D11:scan:819	0.77	8	NoID
0.0	mzspec:MSV000083559:11713.18.O.18F:scan:676	0.77	8	NoID
0.0	mzspec:MSV000079697:group1_P1_D5:scan:574	0.77	8	NoID
0.0	mzspec:MSV000079720:group5_P1_E12:scan:616	0.77	8	NoID
0.0	mzspec:MSV000079709:group1_P1_D5:scan:574	0.77	8	NoID
-0.0	mzspec:MSV000087087:5555661:scan:920	0.77	8	NoID
0.0	mzspec:MSV000082433:68:scan:743	0.77	8	NoID
-0.0	mzspec:MSV000087087:5556892:scan:928	0.77	8	NoID
0.0	mzspec:MSV000083320:99326:scan:1057	0.77	8	NoID
0.0	mzspec:MSV000079714:group4_P2_E11:scan:963	0.77	8	NoID
0.0	mzspec:MSV000079710:group1_P1_A8:scan:745	0.77	8	NoID
0.0	mzspec:MSV000079697:group1_P1_A8:scan:745	0.77	8	NoID
0.0	mzspec:MSV000079719:group5_P2_G5:scan:817	0.77	8	NoID
0.0	mzspec:MSV000088137:2167:scan:798	0.77	8	NoID
0.0	mzspec:MSV000079697:group5_P2_G5:scan:817	0.77	8	NoID
0.04	mzspec:MSV000083559:11713.11.O.11C:scan:821	0.77	8	NoID
0.0	mzspec:MSV000079707:group3_P1_D11:scan:819	0.77	8	NoID
0.0	mzspec:MSV000079719:group5_P2_G1:scan:834	0.77	8	NoID
0.0	mzspec:MSV000082953:Pooled_QC_mid_180918023503:scan:1081	0.77	7	NoID
0.0	mzspec:MSV000079697:group5_P1_D2:scan:793	0.77	7	NoID
0.0	mzspec:MSV000079709:group1_P2_D10:scan:933	0.77	7	NoID
0.0	mzspec:MSV000083320:99856:scan:1122	0.77	7	NoID
0.0	mzspec:MSV000083559:11713.15.F.15H:scan:927	0.77	7	NoID
-0.0	mzspec:MSV000088842:38A:scan:871	0.77	7	NoID
0.0	mzspec:MSV000082433:M-296:scan:795	0.77	7	NoID
0.0	mzspec:MSV000079697:group5_P2_A5:scan:956	0.77	7	NoID
-0.0	mzspec:MSV000082953:P5_C9:scan:1227	0.77	7	NoID
0.0	mzspec:MSV000079697:group5_P1_G3:scan:805	0.77	7	NoID
0.0	mzspec:MSV000079720:group5_P1_G3:scan:805	0.77	7	NoID
0.0	mzspec:MSV000079717:group2_P1_E4:scan:817	0.77	7	NoID
0.0	mzspec:MSV000080905:P4_EMP_51:scan:777	0.77	7	NoID
0.0	mzspec:MSV000079697:group5_P2_C1:scan:934	0.77	7	NoID
0.0	mzspec:MSV000079697:group4_P2_C9:scan:936	0.77	7	NoID
0.0	mzspec:MSV000079697:group4_P1_C12:scan:938	0.77	7	NoID
0.0	mzspec:MSV000079697:group5_P1_D12:scan:942	0.77	7	NoID
0.0	mzspec:MSV000079697:group3_P1_C10:scan:944	0.77	7	NoID
0.0	mzspec:MSV000079720:group5_P2_A9:scan:933	0.77	7	NoID
0.0	mzspec:MSV000079697:group5_P1_E2:scan:935	0.77	7	NoID
0.0	mzspec:MSV000079697:group4_P1_G1:scan:951	0.77	7	NoID
0.0	mzspec:MSV000079697:group2_P2_C1:scan:965	0.77	7	NoID
-0.0	mzspec:MSV000085944:skin_01_480_UB:scan:938	0.77	7	NoID
-0.0	mzspec:MSV000088021:KB_2020_52:scan:1036	0.77	7	NoID
0.0	mzspec:MSV000079720:group5_P2_C1:scan:934	0.77	7	NoID
0.0	mzspec:MSV000079697:group2_P1_E4:scan:817	0.77	7	NoID
0.0	mzspec:MSV000079712:group4_P1_E4:scan:931	0.77	7	NoID
0.0	mzspec:MSV000082433:M-631:scan:827	0.77	7	NoID
0.0	mzspec:MSV000083320:99322:scan:1092	0.77	7	NoID
-0.0	mzspec:MSV000085944:skin_04_30_UB:scan:947	0.77	7	NoID
0.0	mzspec:MSV000082433:M-351:scan:718	0.77	7	NoID
0.0	mzspec:MSV000083300:BP000096994_p:scan:853	0.77	7	NoID
0.0	mzspec:MSV000083559:11713.20.O.20A:scan:750	0.77	7	NoID
0.0	mzspec:MSV000079720:group5_P1_H4:scan:945	0.77	7	NoID
0.0	mzspec:MSV000079697:group3_P2_H8:scan:946	0.77	7	NoID
0.0	mzspec:MSV000079697:group5_P1_C7:scan:932	0.77	7	NoID
-0.0	mzspec:MSV000082433:M-208:scan:1014	0.77	7	NoID
0.0	mzspec:MSV000079720:group5_P1_D2:scan:793	0.77	7	NoID
0.0	mzspec:MSV000082433:M-479:scan:819	0.77	7	NoID
0.04	mzspec:MSV000083559:11713.12.S.12A:scan:791	0.77	7	NoID
0.04	mzspec:MSV000083320:99857:scan:1043	0.77	7	NoID
0.0	mzspec:MSV000079697:group1_P2_C7:scan:816	0.77	7	NoID
0.0	mzspec:MSV000079720:group5_P1_B9:scan:796	0.77	7	NoID
0.0	mzspec:MSV000079697:group1_P2_E1:scan:850	0.77	7	NoID
0.0	mzspec:MSV000079720:group5_P2_D4:scan:823	0.77	7	NoID
-0.0	mzspec:MSV000088021:KB_2020_17:scan:1181	0.77	7	NoID
-0.0	mzspec:MSV000079707:group3_P1_C3:scan:942	0.77	7	NoID
0.0	mzspec:MSV000079709:group1_P2_C7:scan:816	0.77	7	NoID
0.0	mzspec:MSV000079720:group5_P1_E5:scan:815	0.77	7	NoID
0.0	mzspec:MSV000079706:group3_P2_B12:scan:823	0.77	7	NoID
0.0	mzspec:MSV000079720:group5_P1_G2:scan:817	0.77	7	NoID
0.0	mzspec:MSV000083559:11713.20.S.20E:scan:760	0.77	7	NoID
0.0	mzspec:MSV000079697:group1_P1_G12:scan:814	0.77	7	NoID
0.0	mzspec:MSV000079712:group4_P1_C6:scan:947	0.77	7	NoID
0.0	mzspec:MSV000083559:11713.3.O.3G:scan:790	0.77	7	NoID
-0.0	mzspec:MSV000083320:BLANK4_4B_20181110143314:scan:1238	0.77	7	NoID
0.0	mzspec:MSV000083320:99412:scan:1050	0.77	7	NoID
0.0	mzspec:MSV000083320:99684:scan:1076	0.77	7	NoID
0.0	mzspec:MSV000079697:group5_P2_E4:scan:948	0.77	7	NoID
0.0	mzspec:MSV000079697:group5_P2_D7:scan:827	0.77	7	NoID
0.0	mzspec:MSV000079710:group1_P1_G12:scan:814	0.77	7	NoID
0.0	mzspec:MSV000087747:DOM_Interlab-LCMS_Lab30_A_POS_MS2_rep1:scan:1380	0.77	7	NoID
0.0	mzspec:MSV000079717:group2_P1_F5:scan:926	0.77	7	NoID
0.0	mzspec:MSV000083320:99788:scan:1065	0.77	7	NoID
0.0	mzspec:MSV000079720:group5_P1_H1:scan:943	0.77	7	NoID
0.0	mzspec:MSV000079709:group1_P2_E1:scan:850	0.77	7	NoID
0.0	mzspec:MSV000079697:group4_P1_E4:scan:931	0.77	7	NoID
0.0	mzspec:MSV000086415:88029789:scan:890	0.77	7	NoID
0.0	mzspec:MSV000079697:group5_P1_H1:scan:943	0.77	7	NoID
0.0	mzspec:MSV000083320:99546:scan:1113	0.77	7	NoID
0.0	mzspec:MSV000082953:P2_D7:scan:1229	0.77	7	NoID
-0.0	mzspec:MSV000088021:KB_2020_140:scan:1128	0.77	7	NoID
-0.0	mzspec:MSV000085944:skin_07_720_OF:scan:954	0.77	7	NoID
0.0	mzspec:MSV000079697:group5_P2_A9:scan:933	0.77	7	NoID
-0.0	mzspec:MSV000079697:group2_P1_B6:scan:941	0.77	7	NoID
0.0	mzspec:MSV000083559:11713.4.O.4D:scan:757	0.77	7	NoID
0.0	mzspec:MSV000079697:group5_P1_H4:scan:945	0.77	7	NoID
-0.0	mzspec:MSV000088842:41C:scan:866	0.77	7	NoID
-0.0	mzspec:MSV000088842:37D:scan:974	0.77	7	NoID
0.0	mzspec:MSV000083559:11713.21.S.21G:scan:677	0.77	7	NoID
0.0	mzspec:MSV000082433:228:scan:827	0.77	7	NoID
0.0	mzspec:MSV000088823:DOM_Interlab-LCMS_Lab30_A_POS_MS2_rep1:scan:1380	0.77	7	NoID
0.0	mzspec:MSV000082433:M-359:scan:823	0.77	7	NoID
0.0	mzspec:MSV000079720:group5_P2_E4:scan:948	0.77	7	NoID
0.0	mzspec:MSV000083559:11713.4.O.4B:scan:752	0.77	7	NoID
-0.0	mzspec:MSV000085944:skin_10_90_UB:scan:938	0.77	7	NoID
0.0	mzspec:MSV000079697:group5_P1_C12:scan:920	0.77	7	NoID
0.0	mzspec:MSV000083320:99889:scan:1065	0.77	7	NoID
-0.0	mzspec:MSV000079697:group5_P1_H9:scan:944	0.77	7	NoID
0.0	mzspec:MSV000079720:group5_P2_C2:scan:943	0.77	7	NoID
0.0	mzspec:MSV000079697:group5_P2_C2:scan:943	0.77	7	NoID
0.0	mzspec:MSV000082953:P1_B11:scan:939	0.77	7	NoID
0.0	mzspec:MSV000079720:group5_P1_D12:scan:942	0.77	7	NoID
-0.0	mzspec:MSV000088842:31D:scan:978	0.77	7	NoID
0.0	mzspec:MSV000082953:P2_D8:scan:1019	0.77	7	NoID
-0.0	mzspec:MSV000079720:group5_P1_H9:scan:944	0.77	7	NoID
0.0	mzspec:MSV000083559:11713.20.O.20G:scan:756	0.77	7	NoID
0.0	mzspec:MSV000079720:group5_P1_C7:scan:932	0.77	7	NoID
-0.0	mzspec:MSV000079697:group1_P2_E4:scan:936	0.77	7	NoID
0.0	mzspec:MSV000079720:group5_P1_E2:scan:935	0.77	7	NoID
0.0	mzspec:MSV000079707:group3_P1_C10:scan:944	0.77	7	NoID
-0.0	mzspec:MSV000088021:KB_2020_130:scan:1137	0.77	7	NoID
0.0	mzspec:MSV000079697:group2_P1_F5:scan:926	0.77	7	NoID
0.0	mzspec:MSV000079697:group5_P1_E5:scan:815	0.77	7	NoID
0.0	mzspec:MSV000079712:group4_P1_G1:scan:951	0.77	7	NoID
-0.0	mzspec:MSV000088842:29C:scan:979	0.77	7	NoID
0.0	mzspec:MSV000079697:group1_P2_H6:scan:940	0.77	7	NoID
0.0	mzspec:MSV000082953:P5_B9:scan:1132	0.77	7	NoID
0.0	mzspec:MSV000079717:group2_P2_C1:scan:965	0.77	7	NoID
0.0	mzspec:MSV000079706:group3_P2_H8:scan:946	0.77	7	NoID
0.0	mzspec:MSV000079710:group1_P2_H6:scan:940	0.77	7	NoID
0.0	mzspec:MSV000079720:group5_P2_A5:scan:956	0.77	7	NoID
-0.0	mzspec:MSV000079718:group2_P1_B6:scan:941	0.77	7	NoID
0.0	mzspec:MSV000083320:99301:scan:1059	0.77	7	NoID
0.0	mzspec:MSV000083300:BP000098358_p:scan:861	0.77	7	NoID
-0.0	mzspec:MSV000085944:skin_04_60_UB:scan:954	0.77	7	NoID
-0.0	mzspec:MSV000085944:skin_05_240_FH:scan:943	0.77	7	NoID
-0.0	mzspec:MSV000085944:skin_04_60_OF:scan:933	0.77	7	NoID
-0.0	mzspec:MSV000085944:skin_10_240_UB:scan:948	0.77	7	NoID
-0.0	mzspec:MSV000085944:skin_09_240_UB:scan:947	0.77	7	NoID
0.0	mzspec:MSV000079712:group4_P1_C12:scan:938	0.77	7	NoID
-0.0	mzspec:MSV000079709:group1_P2_E4:scan:936	0.77	7	NoID
0.0	mzspec:MSV000079714:group4_P2_C9:scan:936	0.77	7	NoID
0.0	mzspec:MSV000083559:11713.17.F.17A:scan:869	0.77	7	NoID
-0.0	mzspec:MSV000085944:skin_07_720_UB:scan:951	0.77	7	NoID
0.0	mzspec:MSV000079697:group5_P2_D4:scan:823	0.77	7	NoID
0.0	mzspec:MSV000083300:BP000096824_p:scan:840	0.77	7	NoID
0.0	mzspec:MSV000079697:group1_P2_D10:scan:933	0.77	7	NoID
-0.0	mzspec:MSV000079697:group3_P1_C3:scan:942	0.77	7	NoID
0.0	mzspec:MSV000079697:group4_P1_C6:scan:947	0.77	7	NoID
0.0	mzspec:MSV000082433:M-551:scan:741	0.77	7	NoID
0.0	mzspec:MSV000082433:548:scan:788	0.77	7	NoID
-0.0	mzspec:MSV000088137:2193:scan:932	0.77	7	NoID
-0.0	mzspec:MSV000088137:2191:scan:915	0.77	7	NoID
0.0	mzspec:MSV000079720:group5_P2_D7:scan:827	0.77	7	NoID
0.0	mzspec:MSV000079697:group5_P1_D7:scan:794	0.77	7	NoID
0.0	mzspec:MSV000083559:11713.13.F.13D:scan:869	0.77	7	NoID
0.0	mzspec:MSV000079720:group5_P1_D7:scan:794	0.77	7	NoID
0.0	mzspec:MSV000083300:BP000098376_p:scan:853	0.77	7	NoID
0.0	mzspec:MSV000079697:group5_P1_B9:scan:796	0.77	7	NoID
0.0	mzspec:MSV000079697:group5_P1_G2:scan:817	0.77	7	NoID
0.0	mzspec:MSV000079697:group3_P2_B12:scan:823	0.77	7	NoID
0.0	mzspec:MSV000079720:group5_P1_C12:scan:920	0.77	7	NoID
0.0	mzspec:MSV000083559:11713.9.S.9D:scan:775	0.77	7	NoID
0.0	mzspec:MSV000083320:99308:scan:974	0.77	7	NoID
0.0	mzspec:MSV000082433:122:scan:747	0.77	7	NoID
0.0	mzspec:MSV000079697:group2_P1_G12:scan:828	0.77	7	NoID
0.0	mzspec:MSV000082953:P4_D8:scan:1138	0.77	7	NoID
0.0	mzspec:MSV000083320:99446:scan:1104	0.77	7	NoID
0.0	mzspec:MSV000083320:99557:scan:1093	0.77	7	NoID
0.0	mzspec:MSV000083320:99774:scan:972	0.77	7	NoID
0.0	mzspec:MSV000083559:11713.6.S.6C:scan:788	0.77	7	NoID
0.0	mzspec:MSV000083559:11713.17.O.17G:scan:903	0.77	7	NoID
-0.0	mzspec:MSV000088842:6D:scan:840	0.77	7	NoID
0.0	mzspec:MSV000083559:11713.19.S.19G:scan:773	0.77	7	NoID
0.0	mzspec:MSV000086415:16879494:scan:905	0.77	7	NoID
0.0	mzspec:MSV000083559:11713.14.S.14A:scan:794	0.77	7	NoID
0.0	mzspec:MSV000079712:group4_P1_D12:scan:779	0.77	7	NoID
0.0	mzspec:MSV000083320:99343:scan:1113	0.77	7	NoID
0.0	mzspec:MSV000083320:99824:scan:1080	0.77	7	NoID
0.0	mzspec:MSV000086415:20733146:scan:905	0.77	7	NoID
0.0	mzspec:MSV000083320:99440:scan:930	0.77	7	NoID
-0.0	mzspec:MSV000088842:17E:scan:851	0.77	7	NoID
0.0	mzspec:MSV000084314:MSV000083300:scan:29518	0.77	7	NoID
0.0	mzspec:MSV000083559:11713.21.S.21E:scan:686	0.77	7	NoID
0.0	mzspec:MSV000083320:99408:scan:1098	0.77	7	NoID
-0.0	mzspec:MSV000082953:P2_C4:scan:1293	0.77	7	NoID
0.0	mzspec:MSV000079697:group1_P1_B1:scan:822	0.77	7	NoID
0.0	mzspec:MSV000079697:group3_P2_F4:scan:856	0.77	7	NoID
0.0	mzspec:MSV000088640:6035109:scan:856	0.77	7	NoID
0.0	mzspec:MSV000079709:group1_P1_C11:scan:791	0.77	7	NoID
0.0	mzspec:MSV000082953:Pooled_QC_mid_180918083541:scan:1283	0.77	7	NoID
0.0	mzspec:MSV000079697:group1_P1_C11:scan:791	0.77	7	NoID
0.0	mzspec:MSV000082953:P1_B5:scan:1195	0.77	7	NoID
0.0	mzspec:MSV000079710:group1_P1_B1:scan:822	0.77	7	NoID
0.0	mzspec:MSV000082953:P2_C1:scan:1197	0.77	7	NoID
0.0	mzspec:MSV000079709:group1_P1_C10:scan:577	0.77	7	NoID
0.0	mzspec:MSV000083320:99443:scan:1102	0.77	7	NoID
0.0	mzspec:MSV000083559:11713.14.F.14C:scan:894	0.77	7	NoID
0.0	mzspec:MSV000079706:group3_P2_F4:scan:856	0.77	7	NoID
0.0	mzspec:MSV000083475:7H4_8_75_thomas-19-s031-a02:scan:685	0.77	7	NoID
0.0	mzspec:MSV000079697:group1_P1_C10:scan:577	0.77	7	NoID
0.0	mzspec:MSV000079697:group4_P1_D12:scan:779	0.77	7	NoID
0.0	mzspec:MSV000079707:group3_P1_A10:scan:890	0.77	7	NoID
0.0	mzspec:MSV000083559:11713.22.S.22E:scan:784	0.77	7	NoID
0.0	mzspec:MSV000083320:99315:scan:1031	0.77	7	NoID
0.0	mzspec:MSV000079697:group3_P1_A10:scan:890	0.77	7	NoID
0.0	mzspec:MSV000083559:11713.8.O.8B:scan:838	0.77	7	NoID
-0.0	mzspec:MSV000088021:KB_2020_148:scan:1026	0.77	7	NoID
0.0	mzspec:MSV000083320:99762:scan:982	0.77	7	NoID
-0.0	mzspec:MSV000085944:skin_09_0_UB:scan:935	0.77	7	NoID
0.0	mzspec:MSV000083559:11713.2.O.2D:scan:763	0.77	7	NoID
0.0	mzspec:MSV000083559:11713.SolventBlank.4.P6.WGD2:scan:151	0.77	7	NoID
0.0	mzspec:MSV000083559:11713.9.O.9A:scan:834	0.77	7	NoID
0.0	mzspec:MSV000083559:11713.4.O.4F:scan:908	0.77	7	NoID
0.0	mzspec:MSV000083320:99549:scan:1103	0.77	7	NoID
0.0	mzspec:MSV000080627:ONR_Stool_21:scan:795	0.77	7	NoID
0.0	mzspec:MSV000082953:P2_C6:scan:1202	0.77	7	NoID
0.0	mzspec:MSV000082953:P3_B2:scan:1067	0.77	7	NoID
0.0	mzspec:MSV000083559:11713.18.S.18G:scan:684	0.77	7	NoID
0.0	mzspec:MSV000083559:11713.12.F.12B:scan:881	0.77	7	NoID
0.0	mzspec:MSV000083559:11713.15.S.15G:scan:717	0.77	7	NoID
0.04	mzspec:MSV000079706:group3_P2_C1:scan:914	0.77	7	NoID
0.0	mzspec:MSV000079697:group4_P2_C6:scan:849	0.77	7	NoID
0.0	mzspec:MSV000083320:99382:scan:1016	0.77	7	NoID
0.0	mzspec:MSV000083559:11713.21.O.21B:scan:751	0.77	7	NoID
0.0	mzspec:MSV000079718:group2_P1_G2:scan:834	0.77	7	NoID
0.0	mzspec:MSV000079697:group2_P1_G2:scan:834	0.77	7	NoID
0.0	mzspec:MSV000079714:group4_P2_C6:scan:849	0.77	7	NoID
0.0	mzspec:MSV000083559:11713.13.O.13E:scan:778	0.77	7	NoID
0.0	mzspec:MSV000083559:11713.13.S.13D:scan:784	0.77	7	NoID
0.0	mzspec:MSV000079718:group2_P1_G12:scan:828	0.77	7	NoID
0.0	mzspec:MSV000082433:M-361:scan:817	0.77	7	NoID
0.0	mzspec:MSV000083559:11713.15.S.15B:scan:787	0.77	7	NoID
0.0	mzspec:MSV000083559:11713.11.S.11G:scan:778	0.77	7	NoID
0.0	mzspec:MSV000083559:11713.3.S.3D:scan:837	0.77	7	NoID
-0.0	mzspec:MSV000087087:5556776:scan:1000	0.77	7	NoID
0.04	mzspec:MSV000079697:group3_P2_C1:scan:914	0.77	7	NoID
0.0	mzspec:MSV000082953:P3_D3:scan:898	0.77	6	NoID
0.0	mzspec:MSV000079697:group5_P1_F7:scan:3755	0.77	6	NoID
0.0	mzspec:MSV000079720:group5_P1_F7:scan:3755	0.77	6	NoID
0.0	mzspec:MSV000082433:M-381:scan:611	0.76	8	NoID
0.0	mzspec:MSV000083541:S2_50EtOH_171006195630:scan:987	0.76	8	NoID
0.0	mzspec:MSV000079709:group1_P1_F6:scan:814	0.76	8	NoID
0.0	mzspec:MSV000079697:group1_P1_F6:scan:814	0.76	8	NoID
0.0	mzspec:MSV000079714:group4_P2_H1:scan:817	0.76	8	NoID
0.0	mzspec:MSV000079697:group4_P2_H1:scan:817	0.76	8	NoID
-0.0	mzspec:MSV000088842:21C:scan:866	0.76	7	NoID
0.0	mzspec:MSV000082953:P1_B4:scan:1112	0.76	7	NoID
0.0	mzspec:MSV000079697:group4_P1_C4:scan:926	0.76	7	NoID
-0.0	mzspec:MSV000083521:Taitao2018_E9_18m:scan:1137	0.76	7	NoID
0.0	mzspec:MSV000079710:group1_P2_B1:scan:948	0.76	7	NoID
0.0	mzspec:MSV000079697:group1_P2_B1:scan:948	0.76	7	NoID
-0.0	mzspec:MSV000087728:VGF157_C02_pos:scan:733	0.76	7	NoID
-0.0	mzspec:MSV000088137:mars00041:scan:991	0.76	7	NoID
0.0	mzspec:MSV000082953:P4_D11:scan:1073	0.76	7	NoID
0.0	mzspec:MSV000079697:group4_P1_A3:scan:933	0.76	7	NoID
0.0	mzspec:MSV000079697:group4_P1_A4:scan:934	0.76	7	NoID
0.0	mzspec:MSV000083559:11713.12.S.12E.P4:scan:775	0.76	7	NoID
-0.0	mzspec:MSV000079697:group2_P1_D3:scan:937	0.76	7	NoID
0.0	mzspec:MSV000079697:group4_P1_A5:scan:939	0.76	7	NoID
0.0	mzspec:MSV000080905:P3_EMP_23:scan:768	0.76	7	NoID
0.0	mzspec:MSV000079697:group5_P2_F2:scan:944	0.76	7	NoID
0.0	mzspec:MSV000082953:P5_B7:scan:1248	0.76	7	NoID
0.0	mzspec:MSV000079714:group4_P2_B4:scan:888	0.76	7	NoID
-0.0	mzspec:MSV000079720:group5_P2_A1:scan:960	0.76	7	NoID
0.0	mzspec:MSV000079719:group5_P2_H2:scan:817	0.76	7	NoID
0.0	mzspec:MSV000079697:group5_P1_H3:scan:801	0.76	7	NoID
-0.0	mzspec:MSV000088640:6035096:scan:912	0.76	7	NoID
-0.0	mzspec:MSV000083320:99740:scan:1104	0.76	7	NoID
0.0	mzspec:MSV000083559:11713.10.S.10A:scan:793	0.76	7	NoID
0.0	mzspec:MSV000079697:group3_P2_C10:scan:952	0.76	7	NoID
0.0	mzspec:MSV000079697:group2_P1_H12:scan:843	0.76	7	NoID
0.0	mzspec:MSV000079697:group4_P1_B4:scan:928	0.76	7	NoID
0.0	mzspec:MSV000079697:group4_P1_G4:scan:818	0.76	7	NoID
0.0	mzspec:MSV000079697:group4_P1_B3:scan:946	0.76	7	NoID
0.0	mzspec:MSV000079697:group3_P1_H12:scan:821	0.76	7	NoID
0.0	mzspec:MSV000082953:Pooled_QC_mid_180920015021:scan:1160	0.76	7	NoID
-0.0	mzspec:MSV000088640:6035006:scan:921	0.76	7	NoID
-0.0	mzspec:MSV000079709:group1_P2_D7:scan:947	0.76	7	NoID
0.0	mzspec:MSV000079697:group1_P2_B3:scan:953	0.76	7	NoID
-0.0	mzspec:MSV000088842:41D:scan:878	0.76	7	NoID
-0.0	mzspec:MSV000088021:KB_2020_155:scan:1139	0.76	7	NoID
0.0	mzspec:MSV000079697:group3_P2_A2:scan:827	0.76	7	NoID
0.0	mzspec:MSV000082433:M-446:scan:810	0.76	7	NoID
0.0	mzspec:MSV000082433:M-300:scan:820	0.76	7	NoID
0.0	mzspec:MSV000082433:M-473:scan:836	0.76	7	NoID
0.0	mzspec:MSV000079697:group5_P1_G8:scan:929	0.76	7	NoID
-0.0	mzspec:MSV000079697:group5_P2_A1:scan:960	0.76	7	NoID
0.0	mzspec:MSV000087948:CMI_YB3_05ul:scan:934	0.76	7	NoID
0.0	mzspec:MSV000083559:11713.17.F.17E:scan:816	0.76	7	NoID
0.0	mzspec:MSV000083559:11713.11.S.11C:scan:777	0.76	7	NoID
0.0	mzspec:MSV000083300:BP000098469_p:scan:819	0.76	7	NoID
0.0	mzspec:MSV000079706:group3_P2_C10:scan:952	0.76	7	NoID
0.0	mzspec:MSV000079697:group4_P2_B4:scan:888	0.76	7	NoID
0.0	mzspec:MSV000079697:group5_P1_C5:scan:934	0.76	7	NoID
0.0	mzspec:MSV000079697:group1_P1_H11:scan:820	0.76	7	NoID
0.0	mzspec:MSV000079697:group1_P2_G9:scan:810	0.76	7	NoID
-0.0	mzspec:MSV000088021:KB_2020_74:scan:1077	0.76	7	NoID
-0.0	mzspec:MSV000088640:6034626:scan:914	0.76	7	NoID
0.0	mzspec:MSV000079709:group1_P2_D2:scan:818	0.76	7	NoID
0.0	mzspec:MSV000079720:group5_P2_E7:scan:818	0.76	7	NoID
0.0	mzspec:MSV000083320:99432:scan:1044	0.76	7	NoID
0.0	mzspec:MSV000079710:group1_P2_G9:scan:810	0.76	7	NoID
-0.0	mzspec:MSV000088842:33B:scan:864	0.76	7	NoID
0.0	mzspec:MSV000079697:group1_P2_D2:scan:818	0.76	7	NoID
0.0	mzspec:MSV000082433:M-455:scan:906	0.76	7	NoID
0.0	mzspec:MSV000082433:M-669:scan:911	0.76	7	NoID
-0.0	mzspec:MSV000088842:39B:scan:969	0.76	7	NoID
0.0	mzspec:MSV000082433:M-451:scan:829	0.76	7	NoID
-0.0	mzspec:MSV000088842:10B:scan:874	0.76	7	NoID
0.0	mzspec:MSV000080905:P5_EMP_93:scan:725	0.76	7	NoID
-0.0	mzspec:MSV000088842:35C:scan:970	0.76	7	NoID
0.0	mzspec:MSV000082433:630:scan:962	0.76	7	NoID
0.0	mzspec:MSV000079709:group1_P1_E6:scan:832	0.76	7	NoID
0.0	mzspec:MSV000083559:11713.23.S.23G:scan:683	0.76	7	NoID
0.0	mzspec:MSV000079718:group2_P1_D6:scan:814	0.76	7	NoID
0.0	mzspec:MSV000083559:11713.22.F.22A:scan:859	0.76	7	NoID
0.0	mzspec:MSV000083320:99434_20181109030504:scan:1055	0.76	7	NoID
0.0	mzspec:MSV000079697:group5_P2_E12:scan:858	0.76	7	NoID
0.0	mzspec:MSV000079697:group1_P1_E6:scan:832	0.76	7	NoID
0.0	mzspec:MSV000083320:99306:scan:976	0.76	7	NoID
0.04	mzspec:MSV000082331:F2_swab_blank:scan:1754	0.76	7	NoID
0.0	mzspec:MSV000079720:group5_P2_B8:scan:937	0.76	7	NoID
-0.0	mzspec:MSV000088021:KB_2020_221:scan:1035	0.76	7	NoID
0.0	mzspec:MSV000083475:7B9_8_18_thomas-19-s041-a02:scan:770	0.76	7	NoID
0.0	mzspec:MSV000079720:group5_P1_G8:scan:929	0.76	7	NoID
0.0	mzspec:MSV000079720:group5_P1_H3:scan:801	0.76	7	NoID
0.0	mzspec:MSV000083320:99452:scan:980	0.76	7	NoID
0.0	mzspec:MSV000079697:group1_P2_D7:scan:821	0.76	7	NoID
0.0	mzspec:MSV000079710:group1_P1_H11:scan:820	0.76	7	NoID
-0.0	mzspec:MSV000079697:group1_P2_C5:scan:828	0.76	7	NoID
0.0	mzspec:MSV000082433:692:scan:731	0.76	7	NoID
-0.0	mzspec:MSV000079709:group1_P2_C5:scan:828	0.76	7	NoID
0.0	mzspec:MSV000079720:group5_P2_E12:scan:858	0.76	7	NoID
0.0	mzspec:MSV000079697:group5_P2_H2:scan:817	0.76	7	NoID
0.0	mzspec:MSV000079697:group2_P1_D6:scan:814	0.76	7	NoID
-0.0	mzspec:MSV000088842:30B:scan:984	0.76	7	NoID
0.0	mzspec:MSV000083559:11713.19.S.19A:scan:780	0.76	7	NoID
0.0	mzspec:MSV000079697:group5_P2_B8:scan:937	0.76	7	NoID
0.0	mzspec:MSV000083559:11713.23.O.23F:scan:700	0.76	7	NoID
0.0	mzspec:MSV000083320:99724:scan:868	0.76	7	NoID
0.0	mzspec:MSV000087612:85:scan:893	0.76	7	NoID
-0.0	mzspec:MSV000079710:group1_P2_H12:scan:926	0.76	7	NoID
-0.0	mzspec:MSV000088842:5C:scan:959	0.76	7	NoID
-0.0	mzspec:MSV000079709:group1_P2_H12:scan:926	0.76	7	NoID
-0.0	mzspec:MSV000088842:2A:scan:969	0.76	7	NoID
0.0	mzspec:MSV000080627:ONR_Stool_35:scan:785	0.76	7	NoID
0.0	mzspec:MSV000079697:group1_P1_E4:scan:823	0.76	7	NoID
0.0	mzspec:MSV000086415:13269830:scan:901	0.76	7	NoID
-0.0	mzspec:MSV000085944:skin_07_1440_FH:scan:937	0.76	7	NoID
0.0	mzspec:MSV000079697:group5_P2_E7:scan:818	0.76	7	NoID
-0.0	mzspec:MSV000085944:skin_07_480_FH:scan:941	0.76	7	NoID
0.0	mzspec:MSV000079709:group1_P1_E4:scan:823	0.76	7	NoID
0.0	mzspec:MSV000083320:99656:scan:1007	0.76	7	NoID
-0.0	mzspec:MSV000079697:group1_P2_H12:scan:926	0.76	7	NoID
-0.0	mzspec:MSV000085944:skin_03_0_FH:scan:959	0.76	7	NoID
0.0	mzspec:MSV000087612:22:scan:898	0.76	7	NoID
0.0	mzspec:MSV000079720:group5_P1_B12:scan:930	0.76	7	NoID
-0.0	mzspec:MSV000079709:group1_P1_D3:scan:940	0.76	7	NoID
0.0	mzspec:MSV000082953:Pooled_QC_mid_180919192313:scan:1220	0.76	7	NoID
0.0	mzspec:MSV000082953:Pooled_QC_mid_180919002328:scan:1241	0.76	7	NoID
-0.0	mzspec:MSV000086415:99110004:scan:946	0.76	7	NoID
-0.0	mzspec:MSV000079712:group4_P1_G4:scan:948	0.76	7	NoID
0.0	mzspec:MSV000082953:P5_A12:scan:1210	0.76	7	NoID
0.0	mzspec:MSV000079719:group5_P2_G12:scan:932	0.76	7	NoID
-0.0	mzspec:MSV000079718:group2_P1_D3:scan:937	0.76	7	NoID
0.0	mzspec:MSV000079706:group3_P2_G12:scan:947	0.76	7	NoID
0.0	mzspec:MSV000079720:group5_P1_F9:scan:937	0.76	7	NoID
0.0	mzspec:MSV000079709:group1_P1_C5:scan:819	0.76	7	NoID
-0.0	mzspec:MSV000079709:group1_P2_C9:scan:943	0.76	7	NoID
-0.0	mzspec:MSV000079697:group1_P1_B8:scan:947	0.76	7	NoID
-0.0	mzspec:MSV000087087:5556623:scan:916	0.76	7	NoID
0.0	mzspec:MSV000083320:BLANK2_2D:scan:1099	0.76	7	NoID
0.01	mzspec:MSV000083264:12849_POS:scan:3026	0.76	7	NoID
0.0	mzspec:MSV000082953:Pooled_QC_mid_180919062353:scan:1072	0.76	7	NoID
0.0	mzspec:MSV000079697:group1_P2_C6:scan:818	0.76	7	NoID
0.0	mzspec:MSV000079697:group1_P1_C5:scan:819	0.76	7	NoID
0.0	mzspec:MSV000082433:134:scan:735	0.76	7	NoID
-0.0	mzspec:MSV000079709:group1_P2_F6:scan:939	0.76	7	NoID
-0.0	mzspec:MSV000079697:group1_P1_D3:scan:940	0.76	7	NoID
0.0	mzspec:MSV000083559:11713.16.S.16D:scan:736	0.76	7	NoID
0.0	mzspec:MSV000083320:99323:scan:1118	0.76	7	NoID
0.0	mzspec:MSV000082953:P1_B6:scan:1115	0.76	7	NoID
0.0	mzspec:MSV000079720:group5_P2_E8:scan:937	0.76	7	NoID
0.0	mzspec:MSV000079720:group5_P2_E2:scan:946	0.76	7	NoID
-0.0	mzspec:MSV000079710:group1_P1_A6:scan:942	0.76	7	NoID
-0.0	mzspec:MSV000079710:group1_P1_B8:scan:947	0.76	7	NoID
0.0	mzspec:MSV000079710:group1_P1_F12:scan:1061	0.76	7	NoID
0.0	mzspec:MSV000079712:group4_P1_B3:scan:946	0.76	7	NoID
-0.0	mzspec:MSV000087087:5556652:scan:928	0.76	7	NoID
0.0	mzspec:MSV000079712:group4_P1_A5:scan:939	0.76	7	NoID
0.0	mzspec:MSV000079710:group1_P2_B3:scan:826	0.76	7	NoID
0.0	mzspec:MSV000082433:194:scan:818	0.76	7	NoID
-0.0	mzspec:MSV000088842:37E:scan:982	0.76	7	NoID
-0.0	mzspec:MSV000088842:16B:scan:856	0.76	7	NoID
-0.0	mzspec:MSV000083320:99413:scan:1122	0.76	7	NoID
0.0	mzspec:MSV000079697:group1_P1_F12:scan:1061	0.76	7	NoID
0.0	mzspec:MSV000082433:114:scan:814	0.76	7	NoID
0.0	mzspec:MSV000082433:M-460:scan:934	0.76	7	NoID
0.0	mzspec:MSV000079720:group5_P1_C11:scan:934	0.76	7	NoID
0.0	mzspec:MSV000082953:P2_C5:scan:1298	0.76	7	NoID
0.0	mzspec:MSV000079720:group5_P1_F4:scan:937	0.76	7	NoID
0.0	mzspec:MSV000079709:group1_P1_F4:scan:960	0.76	7	NoID
0.0	mzspec:MSV000083320:99445:scan:1101	0.76	7	NoID
0.0	mzspec:MSV000083559:11713.8.O.8E:scan:907	0.76	7	NoID
0.0	mzspec:MSV000079720:group5_P2_D3:scan:948	0.76	7	NoID
-0.0	mzspec:MSV000079706:group3_P2_H5:scan:960	0.76	7	NoID
0.0	mzspec:MSV000083559:11713.9.O.9E:scan:810	0.76	7	NoID
0.0	mzspec:MSV000082433:452:scan:902	0.76	7	NoID
0.0	mzspec:MSV000079697:group1_P1_F4:scan:960	0.76	7	NoID
-0.0	mzspec:MSV000079717:group2_P1_F3:scan:949	0.76	7	NoID
-0.0	mzspec:MSV000079697:group1_P2_F6:scan:939	0.76	7	NoID
-0.0	mzspec:MSV000079697:group1_P1_A6:scan:942	0.76	7	NoID
-0.0	mzspec:MSV000079697:group1_P2_C9:scan:943	0.76	7	NoID
0.0	mzspec:MSV000083300:BP000097018_p:scan:867	0.76	7	NoID
0.0	mzspec:MSV000082953:P3_A11:scan:1087	0.76	7	NoID
-0.0	mzspec:MSV000088842:44C:scan:971	0.76	7	NoID
0.0	mzspec:MSV000082953:P4_D9:scan:1223	0.76	7	NoID
0.0	mzspec:MSV000083559:11713.24.O.24B:scan:711	0.76	7	NoID
-0.0	mzspec:MSV000088842:24C:scan:863	0.76	7	NoID
-0.0	mzspec:MSV000088842:39E:scan:973	0.76	7	NoID
-0.0	mzspec:MSV000088842:19D:scan:862	0.76	7	NoID
-0.0	mzspec:MSV000088842:5A:scan:851	0.76	7	NoID
0.0	mzspec:MSV000083320:99601:scan:607	0.76	7	NoID
-0.0	mzspec:MSV000087087:5556760:scan:995	0.76	7	NoID
0.0	mzspec:MSV000079697:group5_P2_E8:scan:937	0.76	7	NoID
0.0	mzspec:MSV000079709:group1_P2_C6:scan:818	0.76	7	NoID
0.0	mzspec:MSV000079697:group5_P1_F9:scan:937	0.76	7	NoID
0.0	mzspec:MSV000082433:226:scan:816	0.76	7	NoID
0.0	mzspec:MSV000083559:11713.1.O.1F:scan:693	0.76	7	NoID
-0.0	mzspec:MSV000079697:group3_P2_C5:scan:864	0.76	7	NoID
-0.0	mzspec:MSV000085944:skin_05_120_OF:scan:961	0.76	7	NoID
0.0	mzspec:MSV000088137:2174:scan:936	0.76	7	NoID
0.0	mzspec:MSV000082433:M-377:scan:824	0.76	7	NoID
-0.0	mzspec:MSV000085944:skin_03_720_OF:scan:870	0.76	7	NoID
0.0	mzspec:MSV000083559:11713.25.S.25D:scan:835	0.76	7	NoID
0.0	mzspec:MSV000083559:11713.21.O.21F:scan:844	0.76	7	NoID
-0.0	mzspec:MSV000088640:6034643:scan:943	0.76	7	NoID
0.0	mzspec:MSV000079717:group2_P1_A6:scan:924	0.76	7	NoID
-0.0	mzspec:MSV000079709:group1_P2_D5:scan:934	0.76	7	NoID
0.0	mzspec:MSV000083559:11713.11.F.11A:scan:894	0.76	7	NoID
0.0	mzspec:MSV000083559:11713.14.S.14B:scan:771	0.76	7	NoID
0.0	mzspec:MSV000079710:group1_P1_G4:scan:904	0.76	7	NoID
0.0	mzspec:MSV000079697:group5_P2_F4:scan:1097	0.76	7	NoID
0.0	mzspec:MSV000079697:group5_P2_D3:scan:948	0.76	7	NoID
-0.0	mzspec:MSV000079697:group1_P2_D5:scan:934	0.76	7	NoID
0.0	mzspec:MSV000079697:group1_P1_G4:scan:904	0.76	7	NoID
0.0	mzspec:MSV000079720:group5_P1_C5:scan:1019	0.76	7	NoID
0.0	mzspec:MSV000079709:group1_P2_E2:scan:816	0.76	7	NoID
0.0	mzspec:MSV000079697:group1_P2_G11:scan:931	0.76	7	NoID
-0.0	mzspec:MSV000079697:group2_P1_F3:scan:949	0.76	7	NoID
0.0	mzspec:MSV000079719:group5_P2_F2:scan:944	0.76	7	NoID
0.0	mzspec:MSV000079697:group5_P2_G12:scan:932	0.76	7	NoID
0.0	mzspec:MSV000079697:group5_P1_F4:scan:937	0.76	7	NoID
0.0	mzspec:MSV000079697:group5_P2_E2:scan:946	0.76	7	NoID
-0.0	mzspec:MSV000079706:group3_P2_C5:scan:864	0.76	7	NoID
-0.0	mzspec:MSV000079697:group3_P2_H5:scan:960	0.76	7	NoID
0.0	mzspec:MSV000079697:group5_P1_C11:scan:934	0.76	7	NoID
0.0	mzspec:MSV000079697:group3_P2_G12:scan:947	0.76	7	NoID
0.0	mzspec:MSV000079710:group1_P2_H8:scan:926	0.76	7	NoID
0.0	mzspec:MSV000079719:group5_P2_F4:scan:1097	0.76	7	NoID
0.0	mzspec:MSV000079697:group1_P2_H8:scan:926	0.76	7	NoID
-0.0	mzspec:MSV000079697:group1_P2_E8:scan:942	0.76	7	NoID
-0.0	mzspec:MSV000079710:group1_P2_A4:scan:964	0.76	7	NoID
-0.0	mzspec:MSV000085944:skin_03_60_UB:scan:971	0.76	7	NoID
-0.0	mzspec:MSV000079717:group2_P1_E6:scan:944	0.76	7	NoID
-0.0	mzspec:MSV000079709:group1_P2_E8:scan:942	0.76	7	NoID
-0.0	mzspec:MSV000085944:skin_10_120_UB:scan:951	0.76	7	NoID
-0.0	mzspec:MSV000079719:group5_P2_G11:scan:944	0.76	7	NoID
-0.0	mzspec:MSV000083320:99702:scan:996	0.76	7	NoID
0.0	mzspec:MSV000079718:group2_P1_H12:scan:843	0.76	7	NoID
0.0	mzspec:MSV000079718:group2_P2_C5:scan:850	0.76	7	NoID
0.0	mzspec:MSV000079712:group4_P1_C4:scan:926	0.76	7	NoID
-0.0	mzspec:MSV000080905:P2_EMP_93:scan:830	0.76	7	NoID
0.0	mzspec:MSV000079710:group1_P2_G11:scan:931	0.76	7	NoID
-0.0	mzspec:MSV000088842:23E:scan:977	0.76	7	NoID
0.0	mzspec:MSV000083320:99418:scan:905	0.76	7	NoID
0.0	mzspec:MSV000083320:99771:scan:1070	0.76	7	NoID
0.0	mzspec:MSV000082433:M-549:scan:902	0.76	7	NoID
-0.0	mzspec:MSV000079697:group1_P2_A4:scan:964	0.76	7	NoID
-0.0	mzspec:MSV000079697:group1_P1_B3:scan:949	0.76	7	NoID
0.0	mzspec:MSV000083320:99879:scan:1060	0.76	7	NoID
-0.0	mzspec:MSV000079710:group1_P1_B3:scan:949	0.76	7	NoID
-0.0	mzspec:MSV000079706:group3_P2_H6:scan:945	0.76	7	NoID
-0.0	mzspec:MSV000086415:45115248:scan:958	0.76	7	NoID
0.0	mzspec:MSV000079720:group5_P1_F5:scan:937	0.76	7	NoID
0.0	mzspec:MSV000079720:group5_P1_B4:scan:938	0.76	7	NoID
0.0	mzspec:MSV000083559:11713.5.S.5D:scan:766	0.76	7	NoID
-0.0	mzspec:MSV000079717:group2_P1_E3:scan:943	0.76	7	NoID
0.0	mzspec:MSV000083300:BP000096993_p:scan:860	0.76	7	NoID
0.0	mzspec:MSV000079697:group5_P1_F5:scan:937	0.76	7	NoID
-0.0	mzspec:MSV000079697:group2_P1_E3:scan:943	0.76	7	NoID
0.0	mzspec:MSV000083300:BP000098360_p:scan:850	0.76	7	NoID
-0.0	mzspec:MSV000079697:group2_P1_E6:scan:944	0.76	7	NoID
0.0	mzspec:MSV000079697:group1_P2_E2:scan:816	0.76	7	NoID
-0.0	mzspec:MSV000079697:group3_P2_H6:scan:945	0.76	7	NoID
0.0	mzspec:MSV000079697:group5_P1_B4:scan:938	0.76	7	NoID
0.0	mzspec:MSV000079697:group5_P1_B12:scan:930	0.76	7	NoID
0.0	mzspec:MSV000079712:group4_P1_A4:scan:934	0.76	7	NoID
0.0	mzspec:MSV000079706:group3_P1_H12:scan:821	0.76	7	NoID
-0.0	mzspec:MSV000088842:17B:scan:856	0.76	7	NoID
-0.0	mzspec:MSV000085944:skin_10_360_OF:scan:953	0.76	7	NoID
0.0	mzspec:MSV000079712:group4_P1_B4:scan:928	0.76	7	NoID
-0.0	mzspec:MSV000079697:group5_P2_G11:scan:944	0.76	7	NoID
0.0	mzspec:MSV000079707:group3_P1_H12:scan:821	0.76	7	NoID
0.0	mzspec:MSV000079712:group4_P1_A3:scan:933	0.76	7	NoID
0.0	mzspec:MSV000079697:group2_P2_C5:scan:850	0.76	7	NoID
-0.0	mzspec:MSV000088021:KB_2020_236:scan:1183	0.76	7	NoID
0.0	mzspec:MSV000079697:group2_P1_A6:scan:924	0.76	7	NoID
0.0	mzspec:MSV000082331:F3_Cucumber:scan:1373	0.76	6	NoID
0.0	mzspec:MSV000079697:blank_5:scan:700	0.76	6	NoID
0.01	mzspec:MSV000084314:MSV000080627:scan:9853	0.76	6	NoID
0.0	mzspec:MSV000079697:group5_P1_G6:scan:629	0.75	9	NoID
0.0	mzspec:MSV000079720:group5_P1_G6:scan:629	0.75	9	NoID
0.04	mzspec:MSV000088640:6035105:scan:894	0.75	8	NoID
-0.0	mzspec:MSV000083521:Taitao2018_E30_2m:scan:1218	0.75	8	NoID
0.0	mzspec:MSV000083559:11713.4.F.4A:scan:831	0.75	8	NoID
0.0	mzspec:MSV000083300:BP000097057_p:scan:861	0.75	7	NoID
0.0	mzspec:MSV000079697:group5_P1_D9:scan:794	0.75	7	NoID
0.0	mzspec:MSV000082953:P5_B4:scan:1147	0.75	7	NoID
0.0	mzspec:MSV000079697:group5_P1_E8:scan:557	0.75	7	NoID
-0.0	mzspec:MSV000088842:18D:scan:951	0.75	7	NoID
0.0	mzspec:MSV000083559:11713.5.O.5A:scan:913	0.75	7	NoID
0.0	mzspec:MSV000079720:group5_P1_D5:scan:787	0.75	7	NoID
0.0	mzspec:MSV000082433:148:scan:769	0.75	7	NoID
0.0	mzspec:MSV000083559:11713.16.S.16F:scan:786	0.75	7	NoID
0.0	mzspec:MSV000079720:group5_P1_G1:scan:790	0.75	7	NoID
-0.0	mzspec:MSV000079707:group3_P1_C4:scan:942	0.75	7	NoID
0.0	mzspec:MSV000082433:450:scan:598	0.75	7	NoID
0.0	mzspec:MSV000079697:group5_P1_C3:scan:797	0.75	7	NoID
0.0	mzspec:MSV000079697:group4_P2_C11:scan:805	0.75	7	NoID
0.0	mzspec:MSV000086415:11390174:scan:903	0.75	7	NoID
0.0	mzspec:MSV000079707:group3_P1_C1:scan:830	0.75	7	NoID
0.0	mzspec:MSV000086415:81086436:scan:906	0.75	7	NoID
-0.0	mzspec:MSV000083320:99704:scan:1109	0.75	7	NoID
0.0	mzspec:MSV000079720:group5_P1_D6:scan:799	0.75	7	NoID
0.0	mzspec:MSV000082953:P5_B11:scan:954	0.75	7	NoID
-0.0	mzspec:MSV000079697:group3_P1_C4:scan:942	0.75	7	NoID
0.0	mzspec:MSV000079697:group5_P1_B2:scan:794	0.75	7	NoID
0.0	mzspec:MSV000080905:P4_EMP_67:scan:780	0.75	7	NoID
0.0	mzspec:MSV000079720:group5_P1_B2:scan:794	0.75	7	NoID
-0.0	mzspec:MSV000085944:skin_03_480_UB:scan:968	0.75	7	NoID
-0.0	mzspec:MSV000087087:5556718:scan:990	0.75	7	NoID
0.0	mzspec:MSV000083559:11713.25.S.25C:scan:776	0.75	7	NoID
0.0	mzspec:MSV000083320:99381:scan:972	0.75	7	NoID
0.0	mzspec:MSV000079720:group5_P1_E8:scan:557	0.75	7	NoID
0.0	mzspec:MSV000083559:11713.20.F.20C:scan:879	0.75	7	NoID
-0.0	mzspec:MSV000083320:99690:scan:1129	0.75	7	NoID
0.0	mzspec:MSV000083559:11713.17.S.17D:scan:810	0.75	7	NoID
0.0	mzspec:MSV000086415:68539908:scan:895	0.75	7	NoID
0.0	mzspec:MSV000079697:group5_P1_D6:scan:924	0.75	7	NoID
0.0	mzspec:MSV000083300:BP000096935_p:scan:847	0.75	7	NoID
-0.0	mzspec:MSV000082433:200:scan:988	0.75	7	NoID
0.0	mzspec:MSV000083320:99579:scan:1074	0.75	7	NoID
-0.0	mzspec:MSV000088842:40A_20211120125419:scan:962	0.75	7	NoID
0.0	mzspec:MSV000079707:group3_P1_D9:scan:930	0.75	7	NoID
0.0	mzspec:MSV000079697:group3_P1_C6:scan:816	0.75	7	NoID
0.0	mzspec:MSV000079697:group4_P2_C10:scan:937	0.75	7	NoID
0.0	mzspec:MSV000079697:group4_P2_A6:scan:942	0.75	7	NoID
-0.0	mzspec:MSV000079697:group5_P2_G10:scan:942	0.75	7	NoID
0.0	mzspec:MSV000079710:group1_P1_B10:scan:932	0.75	7	NoID
-0.0	mzspec:MSV000088842:40A:scan:871	0.75	7	NoID
-0.0	mzspec:MSV000088842:27B:scan:971	0.75	7	NoID
-0.0	mzspec:MSV000085944:skin_05_600_OF:scan:965	0.75	7	NoID
-0.0	mzspec:MSV000079697:group2_P2_A1:scan:950	0.75	7	NoID
0.0	mzspec:MSV000079697:group5_P1_G4:scan:941	0.75	7	NoID
-0.0	mzspec:MSV000079697:group2_P1_D11:scan:948	0.75	7	NoID
0.0	mzspec:MSV000079697:group4_P1_B1:scan:811	0.75	7	NoID
0.0	mzspec:MSV000079697:group5_P1_C10:scan:941	0.75	7	NoID
0.0	mzspec:MSV000079720:group5_P1_F8:scan:798	0.75	7	NoID
-0.0	mzspec:MSV000079710:group1_P1_B11:scan:954	0.75	7	NoID
0.0	mzspec:MSV000079707:group3_P1_B6:scan:945	0.75	7	NoID
0.0	mzspec:MSV000079706:group3_P2_E7:scan:944	0.75	7	NoID
-0.0	mzspec:MSV000079717:group2_P1_F4:scan:947	0.75	7	NoID
-0.0	mzspec:MSV000079697:group1_P1_B11:scan:954	0.75	7	NoID
0.0	mzspec:MSV000079718:group2_P1_H5:scan:821	0.75	7	NoID
0.0	mzspec:MSV000079720:group5_P1_G10:scan:938	0.75	7	NoID
-0.0	mzspec:MSV000088137:mars00037:scan:921	0.75	7	NoID
0.0	mzspec:MSV000088137:2158:scan:889	0.75	7	NoID
0.0	mzspec:MSV000088137:2192:scan:887	0.75	7	NoID
0.0	mzspec:MSV000079710:group1_P1_B12:scan:825	0.75	7	NoID
-0.0	mzspec:MSV000079697:group1_P2_F3:scan:949	0.75	7	NoID
-0.0	mzspec:MSV000079710:group1_P1_B4:scan:943	0.75	7	NoID
-0.0	mzspec:MSV000079697:group1_P2_D4:scan:940	0.75	7	NoID
-0.0	mzspec:MSV000079709:group1_P2_F3:scan:949	0.75	7	NoID
-0.0	mzspec:MSV000079710:group1_P1_H10:scan:936	0.75	7	NoID
0.0	mzspec:MSV000079714:group4_P2_C10:scan:937	0.75	7	NoID
-0.0	mzspec:MSV000079719:group5_P2_G10:scan:942	0.75	7	NoID
-0.0	mzspec:MSV000079718:group2_P1_D11:scan:948	0.75	7	NoID
0.0	mzspec:MSV000079709:group1_P2_F1:scan:818	0.75	7	NoID
-0.0	mzspec:MSV000079697:group1_P1_B4:scan:943	0.75	7	NoID
0.0	mzspec:MSV000079707:group3_P1_C6:scan:945	0.75	7	NoID
0.0	mzspec:MSV000080627:ONR_Stool_3:scan:801	0.75	7	NoID
0.0	mzspec:MSV000079720:group5_P1_G4:scan:941	0.75	7	NoID
-0.0	mzspec:MSV000083320:99849:scan:1113	0.75	7	NoID
0.0	mzspec:MSV000083320:99565:scan:1053	0.75	7	NoID
0.0	mzspec:MSV000083320:BLANK4_4B:scan:1042	0.75	7	NoID
0.0	mzspec:MSV000086415:20732429:scan:908	0.75	7	NoID
-0.0	mzspec:MSV000079709:group1_P2_D4:scan:940	0.75	7	NoID
-0.0	mzspec:MSV000079718:group2_P2_A1:scan:950	0.75	7	NoID
-0.0	mzspec:MSV000079697:group1_P1_H10:scan:936	0.75	7	NoID
0.0	mzspec:MSV000079720:group5_P1_C10:scan:941	0.75	7	NoID
0.0	mzspec:MSV000079720:group5_P1_C3:scan:921	0.75	7	NoID
0.0	mzspec:MSV000079717:group2_P1_E2:scan:822	0.75	7	NoID
0.0	mzspec:MSV000079697:group3_P2_E7:scan:944	0.75	7	NoID
0.0	mzspec:MSV000083559:11713.18.O.18E:scan:775	0.75	7	NoID
-0.0	mzspec:MSV000079697:group5_P2_F6:scan:940	0.75	7	NoID
0.04	mzspec:MSV000083559:11713.9.O.9G:scan:836	0.75	7	NoID
0.0	mzspec:MSV000079697:group2_P1_H5:scan:821	0.75	7	NoID
0.0	mzspec:MSV000079719:group5_P2_G7:scan:932	0.75	7	NoID
0.0	mzspec:MSV000082433:M-588:scan:808	0.75	7	NoID
-0.0	mzspec:MSV000079697:group2_P1_F4:scan:947	0.75	7	NoID
0.0	mzspec:MSV000079697:group5_P1_G10:scan:938	0.75	7	NoID
0.0	mzspec:MSV000079697:group3_P1_B6:scan:945	0.75	7	NoID
0.0	mzspec:MSV000083559:11713.2.F.2A:scan:815	0.75	7	NoID
-0.0	mzspec:MSV000079697:group3_P1_C1:scan:955	0.75	7	NoID
0.0	mzspec:MSV000087948:CMI_YB5_05ul:scan:910	0.75	7	NoID
0.0	mzspec:MSV000082433:868:scan:887	0.75	7	NoID
-0.0	mzspec:MSV000079719:group5_P2_F6:scan:940	0.75	7	NoID
-0.0	mzspec:MSV000088137:mars00012:scan:934	0.75	7	NoID
0.0	mzspec:MSV000082433:M-357:scan:812	0.75	7	NoID
-0.0	mzspec:MSV000088137:mars00094:scan:943	0.75	7	NoID
0.0	mzspec:MSV000082433:M-347:scan:925	0.75	7	NoID
0.0	mzspec:MSV000082433:M-375:scan:849	0.75	7	NoID
-0.0	mzspec:MSV000087087:5556847:scan:926	0.75	7	NoID
-0.0	mzspec:MSV000088842:29E:scan:866	0.75	7	NoID
0.0	mzspec:MSV000082433:M-423:scan:830	0.75	7	NoID
-0.0	mzspec:MSV000088842:12A_20211118115344:scan:966	0.75	7	NoID
-0.0	mzspec:MSV000085944:skin_03_90_UB:scan:877	0.75	7	NoID
-0.0	mzspec:MSV000085944:skin_04_600_FH:scan:965	0.75	7	NoID
-0.0	mzspec:MSV000085944:skin_03_240_OF:scan:966	0.75	7	NoID
-0.0	mzspec:MSV000085944:skin_03_0_OF:scan:943	0.75	7	NoID
0.0	mzspec:MSV000082433:M-635:scan:908	0.75	7	NoID
0.0	mzspec:MSV000083559:11713.3.S.3C:scan:764	0.75	7	NoID
-0.0	mzspec:MSV000088021:KB_2020_11:scan:1146	0.75	7	NoID
-0.0	mzspec:MSV000079697:group1_P1_A3:scan:952	0.75	7	NoID
-0.0	mzspec:MSV000086415:24141372:scan:900	0.75	7	NoID
0.0	mzspec:MSV000086415:55820335:scan:905	0.75	7	NoID
0.0	mzspec:MSV000079714:group4_P2_C11:scan:928	0.75	7	NoID
-0.0	mzspec:MSV000079710:group1_P1_A3:scan:952	0.75	7	NoID
-0.0	mzspec:MSV000083320:99802:scan:1107	0.75	7	NoID
0.0	mzspec:MSV000083320:99813:scan:1081	0.75	7	NoID
-0.0	mzspec:MSV000079718:group2_P1_D8:scan:939	0.75	7	NoID
-0.0	mzspec:MSV000088021:KB_2020_151:scan:1088	0.75	7	NoID
0.0	mzspec:MSV000079697:group1_P1_B10:scan:809	0.75	7	NoID
0.0	mzspec:MSV000083320:99450:scan:1120	0.75	7	NoID
0.0	mzspec:MSV000083559:11713.8.F.8D:scan:902	0.75	7	NoID
0.0	mzspec:MSV000079697:group1_P1_B12:scan:825	0.75	7	NoID
0.0	mzspec:MSV000079697:group1_P1_C3:scan:813	0.75	7	NoID
0.0	mzspec:MSV000082433:150:scan:826	0.75	7	NoID
0.0	mzspec:MSV000086415:16621574:scan:850	0.75	7	NoID
0.0	mzspec:MSV000079720:group5_P1_D9:scan:794	0.75	7	NoID
0.0	mzspec:MSV000082433:M-671:scan:812	0.75	7	NoID
-0.0	mzspec:MSV000088842:21D:scan:979	0.75	7	NoID
-0.0	mzspec:MSV000088842:26C:scan:960	0.75	7	NoID
-0.0	mzspec:MSV000088842:27A:scan:869	0.75	7	NoID
0.0	mzspec:MSV000088137:2014:scan:880	0.75	7	NoID
0.0	mzspec:MSV000083559:11713.24.O.24E:scan:695	0.75	7	NoID
0.0	mzspec:MSV000082953:P3_D11:scan:1200	0.75	7	NoID
-0.0	mzspec:MSV000088021:KB_2020_01:scan:1084	0.75	7	NoID
-0.0	mzspec:MSV000088021:KB_2020_147:scan:1138	0.75	7	NoID
-0.0	mzspec:MSV000088021:KB_2020_40:scan:1164	0.75	7	NoID
0.0	mzspec:MSV000079710:group1_P1_C3:scan:813	0.75	7	NoID
0.0	mzspec:MSV000082433:292:scan:825	0.75	7	NoID
0.0	mzspec:MSV000082433:M-559:scan:801	0.75	7	NoID
0.04	mzspec:MSV000083559:11713.1.O.1E:scan:796	0.75	7	NoID
-0.0	mzspec:MSV000088842:34B:scan:877	0.75	7	NoID
0.0	mzspec:MSV000079712:group4_P1_B9:scan:981	0.75	7	NoID
0.0	mzspec:MSV000079697:group4_P1_B9:scan:981	0.75	7	NoID
-0.0	mzspec:MSV000083320:99744:scan:1114	0.75	7	NoID
0.0	mzspec:MSV000083320:99859:scan:1066	0.75	7	NoID
0.0	mzspec:MSV000083300:BP000097039_p:scan:958	0.75	7	NoID
0.0	mzspec:MSV000080627:ONR_Stool_13:scan:817	0.75	7	NoID
-0.0	mzspec:MSV000087948:CMI_YB8_05ul:scan:960	0.75	7	NoID
-0.0	mzspec:MSV000079697:group5_P2_D8:scan:960	0.75	7	NoID
-0.0	mzspec:MSV000088842:15E:scan:854	0.75	7	NoID
-0.0	mzspec:MSV000085944:skin_10_600_OF:scan:953	0.75	7	NoID
0.0	mzspec:MSV000082433:M-495:scan:791	0.75	7	NoID
-0.0	mzspec:MSV000085944:skin_11_120_FH:scan:974	0.75	7	NoID
0.0	mzspec:MSV000079697:group1_P2_F1:scan:818	0.75	7	NoID
0.0	mzspec:MSV000079714:group4_P2_A6:scan:942	0.75	7	NoID
0.0	mzspec:MSV000079712:group4_P1_B1:scan:811	0.75	7	NoID
0.0	mzspec:MSV000087087:5556701:scan:855	0.75	7	NoID
0.0	mzspec:MSV000088137:mars00052:scan:905	0.75	7	NoID
-0.0	mzspec:MSV000085944:skin_11_600_OF:scan:869	0.75	7	NoID
-0.0	mzspec:MSV000088842:42A:scan:872	0.75	7	NoID
-0.0	mzspec:MSV000088842:33D:scan:868	0.75	7	NoID
0.0	mzspec:MSV000086415:20683921:scan:891	0.75	7	NoID
-0.0	mzspec:MSV000085944:skin_11_30_UB:scan:972	0.75	7	NoID
-0.0	mzspec:MSV000085944:skin_08_60_FH:scan:941	0.75	7	NoID
0.0	mzspec:MSV000079697:group5_P2_G7:scan:932	0.75	7	NoID
-0.0	mzspec:MSV000079697:group2_P1_D8:scan:939	0.75	7	NoID
0.0	mzspec:MSV000079697:group5_P1_F8:scan:798	0.75	7	NoID
0.0	mzspec:MSV000079697:group2_P1_E2:scan:822	0.75	7	NoID
0.0	mzspec:MSV000082433:M-471:scan:880	0.75	7	NoID
-0.0	mzspec:MSV000079720:group5_P2_D8:scan:960	0.75	7	NoID
0.0	mzspec:MSV000079697:group5_P1_G1:scan:790	0.75	7	NoID
0.0	mzspec:MSV000082953:P5_C12:scan:1090	0.75	7	NoID
0.0	mzspec:MSV000079712:group4_P1_E2:scan:794	0.75	7	NoID
0.0	mzspec:MSV000079697:group3_P1_D9:scan:930	0.75	7	NoID
-0.0	mzspec:MSV000079720:group5_P1_F12:scan:1001	0.75	7	NoID
0.0	mzspec:MSV000079697:group5_P1_D5:scan:787	0.75	7	NoID
-0.0	mzspec:MSV000079697:group5_P1_F12:scan:1001	0.75	7	NoID
0.0	mzspec:MSV000079697:group4_P1_E2:scan:794	0.75	7	NoID
0.0	mzspec:MSV000082433:506:scan:823	0.75	7	NoID
-0.0	mzspec:MSV000087087:5556682:scan:926	0.75	7	NoID
-0.0	mzspec:MSV000087087:5556656:scan:836	0.75	7	NoID
-0.0	mzspec:MSV000086415:20665307:scan:940	0.75	7	NoID
0.0	mzspec:MSV000083559:11713.12.F.8.12A:scan:886	0.75	7	NoID
0.0	mzspec:MSV000083559:11713.10.F.10E:scan:819	0.75	7	NoID
0.0	mzspec:MSV000083300:BP000097155_p:scan:840	0.75	7	NoID
0.0	mzspec:MSV000082953:Pooled_QC_mid_180919125058:scan:1074	0.75	7	NoID
-0.0	mzspec:MSV000088842:40D_20211120191733:scan:964	0.75	7	NoID
0.0	mzspec:MSV000082953:P2_A5:scan:1071	0.75	7	NoID
-0.0	mzspec:MSV000082953:P1_C5:scan:1338	0.75	7	NoID
0.0	mzspec:MSV000083300:BP000098439_p:scan:856	0.75	7	NoID
0.0	mzspec:MSV000083320:99449:scan:1100	0.75	7	NoID
0.0	mzspec:MSV000083300:BP000097171_p:scan:821	0.75	7	NoID
0.0	mzspec:MSV000083320:99359:scan:1093	0.75	7	NoID
-0.0	mzspec:MSV000079697:group2_P1_A9:scan:943	0.75	7	NoID
-0.0	mzspec:MSV000088021:KB_2020_07:scan:1156	0.75	7	NoID
0.0	mzspec:MSV000082433:498:scan:748	0.75	7	NoID
-0.0	mzspec:MSV000079717:group2_P1_A9:scan:943	0.75	7	NoID
0.0	mzspec:MSV000079710:group1_P1_G8:scan:1042	0.75	7	NoID
0.0	mzspec:MSV000083320:99385:scan:1098	0.75	7	NoID
0.0	mzspec:MSV000079697:group1_P1_G8:scan:1042	0.75	7	NoID
0.0	mzspec:MSV000083559:11713.2.F.2G:scan:819	0.75	7	NoID
0.0	mzspec:MSV000083559:11713.15.O.15H:scan:888	0.75	7	NoID
-0.0	mzspec:MSV000088021:KB_2020_143:scan:1225	0.75	7	NoID
-0.04	mzspec:MSV000082891:20170406_10431116_Metabolomics_Sample16:scan:7117	0.75	7	NoID
-0.0	mzspec:MSV000088842:34D:scan:976	0.75	7	NoID
-0.0	mzspec:MSV000088842:40D:scan:978	0.75	7	NoID
0.0	mzspec:MSV000083559:11713.23.S.23F:scan:672	0.75	7	NoID
0.0	mzspec:MSV000079707:group3_P1_C12:scan:857	0.75	7	NoID
0.0	mzspec:MSV000083300:BP000098487_p:scan:852	0.75	7	NoID
0.0	mzspec:MSV000079697:group3_P1_C12:scan:857	0.75	7	NoID
0.0	mzspec:MSV000083300:BP000098429_p:scan:846	0.75	7	NoID
0.0	mzspec:MSV000086415:48697089:scan:891	0.75	7	NoID
0.0	mzspec:MSV000079697:blank_out:scan:367	0.75	6	NoID
0.04	mzspec:MSV000083475:7C12_8_31_song-52-s012-a04:scan:656	0.75	6	NoID
0.0	mzspec:MSV000083320:99543:scan:1062	0.75	6	NoID
-0.0	mzspec:MSV000085944:skin_04_30_FH:scan:844	0.75	6	NoID
-0.0	mzspec:MSV000088842:44B:scan:967	0.74	8	NoID
-0.0	mzspec:MSV000087087:5556830:scan:929	0.74	8	NoID
0.0	mzspec:MSV000082433:502:scan:740	0.74	7	NoID
0.0	mzspec:MSV000079697:group1_P1_E5:scan:859	0.74	7	NoID
-0.0	mzspec:MSV000088842:1E:scan:879	0.74	7	NoID
-0.0	mzspec:MSV000083772:33_S3-DOM-1-Sat-low_A:scan:1080	0.74	7	NoID
0.0	mzspec:MSV000079707:group3_P1_B4:scan:936	0.74	7	NoID
0.0	mzspec:MSV000082953:P4_A12:scan:1072	0.74	7	NoID
0.0	mzspec:MSV000079697:group2_P2_D1:scan:835	0.74	7	NoID
0.0	mzspec:MSV000079697:group5_P1_G5:scan:828	0.74	7	NoID
0.0	mzspec:MSV000079714:group4_P2_D9:scan:840	0.74	7	NoID
0.0	mzspec:MSV000079720:group5_P2_B1:scan:930	0.74	7	NoID
-0.0	mzspec:MSV000088842:7C:scan:829	0.74	7	NoID
0.0	mzspec:MSV000082953:P4_B5:scan:1247	0.74	7	NoID
-0.0	mzspec:MSV000082953:P2_C9:scan:1323	0.74	7	NoID
-0.0	mzspec:MSV000088842:13E:scan:848	0.74	7	NoID
-0.0	mzspec:MSV000088842:42C:scan:876	0.74	7	NoID
-0.0	mzspec:MSV000088842:29D:scan:864	0.74	7	NoID
0.0	mzspec:MSV000079710:group1_P1_G9:scan:885	0.74	7	NoID
-0.0	mzspec:MSV000082953:P4_C5:scan:1346	0.74	7	NoID
-0.0	mzspec:MSV000088842:45D:scan:853	0.74	7	NoID
0.0	mzspec:MSV000082433:490:scan:952	0.74	7	NoID
0.0	mzspec:MSV000079697:group4_P2_D9:scan:923	0.74	7	NoID
0.0	mzspec:MSV000079707:group3_P1_B2:scan:959	0.74	7	NoID
0.0	mzspec:MSV000079697:group3_P1_E5:scan:810	0.74	7	NoID
-0.0	mzspec:MSV000088842:26A:scan:869	0.74	7	NoID
0.0	mzspec:MSV000083559:11713.22.O.22A:scan:764	0.74	7	NoID
0.0	mzspec:MSV000083559:11713.21.O.21A:scan:760	0.74	7	NoID
-0.0	mzspec:MSV000083320:99683:scan:1008	0.74	7	NoID
0.0	mzspec:MSV000083559:11713.18.O.18A.WGC7:scan:778	0.74	7	NoID
-0.0	mzspec:MSV000088021:KB_2020_113:scan:1280	0.74	7	NoID
0.0	mzspec:MSV000083559:11713.25.O.25D:scan:771	0.74	7	NoID
0.0	mzspec:MSV000079697:group4_P1_F5:scan:796	0.74	7	NoID
0.0	mzspec:MSV000079709:group1_P1_E5:scan:859	0.74	7	NoID
-0.0	mzspec:MSV000088842:3C:scan:977	0.74	7	NoID
0.0	mzspec:MSV000079697:group3_P1_D2:scan:816	0.74	7	NoID
0.0	mzspec:MSV000086415:82317494:scan:832	0.74	7	NoID
-0.0	mzspec:MSV000087728:VGF156_H11_pos:scan:827	0.74	7	NoID
0.0	mzspec:MSV000079697:group1_P1_G9:scan:885	0.74	7	NoID
-0.0	mzspec:MSV000079697:group1_P2_G6:scan:816	0.74	7	NoID
0.0	mzspec:MSV000083559:11713.22.S.22B:scan:721	0.74	7	NoID
-0.0	mzspec:MSV000088842:3E:scan:867	0.74	7	NoID
-0.0	mzspec:MSV000085944:skin_11_240_UB:scan:972	0.74	7	NoID
0.0	mzspec:MSV000082433:484:scan:891	0.74	7	NoID
0.0	mzspec:MSV000082433:M-461:scan:849	0.74	7	NoID
0.0	mzspec:MSV000082433:554:scan:830	0.74	7	NoID
-0.0	mzspec:MSV000085944:skin_09_60_OF:scan:940	0.74	7	NoID
-0.0	mzspec:MSV000088842:9B:scan:857	0.74	7	NoID
-0.0	mzspec:MSV000085944:skin_09_1440_UB:scan:935	0.74	7	NoID
-0.0	mzspec:MSV000085944:skin_11_90_UB:scan:962	0.74	7	NoID
0.0	mzspec:MSV000086415:10435090:scan:891	0.74	7	NoID
0.0	mzspec:MSV000086415:15176592_rerun:scan:891	0.74	7	NoID
-0.0	mzspec:MSV000088842:8C:scan:947	0.74	7	NoID
-0.0	mzspec:MSV000085944:skin_08_240_UB:scan:939	0.74	7	NoID
-0.0	mzspec:MSV000083772:StromDOMonly:scan:25976	0.74	7	NoID
0.0	mzspec:MSV000082433:M-647:scan:829	0.74	7	NoID
-0.0	mzspec:MSV000085944:skin_09_360_OF:scan:862	0.74	7	NoID
-0.0	mzspec:MSV000082433:M-467:scan:811	0.74	7	NoID
0.0	mzspec:MSV000083559:11713.22.O.22E:scan:770	0.74	7	NoID
-0.0	mzspec:MSV000088021:KB_2020_93:scan:1170	0.74	7	NoID
0.0	mzspec:MSV000083541:S3_blank_100H2O_171006083807:scan:1153	0.74	7	NoID
-0.0	mzspec:MSV000085944:skin_03_30_FH:scan:870	0.74	7	NoID
0.0	mzspec:MSV000083320:99392:scan:1019	0.74	7	NoID
-0.0	mzspec:MSV000079709:group1_P2_E10:scan:966	0.74	7	NoID
-0.0	mzspec:MSV000088842:36D:scan:868	0.74	7	NoID
-0.0	mzspec:MSV000085944:skin_08_720_FH:scan:956	0.74	7	NoID
0.0	mzspec:MSV000083559:11713.5.O.5B:scan:796	0.74	7	NoID
0.0	mzspec:MSV000079697:group5_P1_G7:scan:939	0.74	7	NoID
-0.0	mzspec:MSV000079697:group1_P2_E10:scan:966	0.74	7	NoID
0.04	mzspec:MSV000083320:99876:scan:1042	0.74	7	NoID
-0.0	mzspec:MSV000088842:23D:scan:978	0.74	7	NoID
-0.0	mzspec:MSV000088021:KB_2020_233:scan:1168	0.74	7	NoID
-0.0	mzspec:MSV000085944:skin_09_90_UB:scan:931	0.74	7	NoID
-0.0	mzspec:MSV000085944:skin_07_90_UB:scan:947	0.74	7	NoID
-0.0	mzspec:MSV000085944:skin_11_30_OF:scan:976	0.74	7	NoID
-0.0	mzspec:MSV000083320:99827:scan:1114	0.74	7	NoID
-0.0	mzspec:MSV000088021:KB_2020_243:scan:1219	0.74	7	NoID
0.0	mzspec:MSV000079697:group5_P1_D8:scan:946	0.74	7	NoID
0.0	mzspec:MSV000079697:group1_P2_B2:scan:952	0.74	7	NoID
0.0	mzspec:MSV000079697:group1_P1_F7:scan:830	0.74	7	NoID
0.0	mzspec:MSV000079697:group2_P1_F6:scan:829	0.74	7	NoID
-0.0	mzspec:MSV000079697:group5_P2_H7:scan:954	0.74	7	NoID
0.0	mzspec:MSV000079697:group5_P1_B10:scan:934	0.74	7	NoID
0.01	mzspec:MSV000079697:group4_P1_B6:scan:903	0.74	7	NoID
-0.0	mzspec:MSV000079697:group2_P2_G2:scan:948	0.74	7	NoID
0.01	mzspec:MSV000079712:group4_P1_B6:scan:903	0.74	7	NoID
0.0	mzspec:MSV000079709:group1_P1_F7:scan:830	0.74	7	NoID
-0.0	mzspec:MSV000088021:KB_2020_214:scan:1159	0.74	7	NoID
0.0	mzspec:MSV000083559:11713.6.F.6A.WYH2:scan:872	0.74	7	NoID
0.0	mzspec:MSV000082953:P2_C3:scan:1108	0.74	7	NoID
0.0	mzspec:MSV000083559:11713.14.O.14D:scan:836	0.74	7	NoID
-0.0	mzspec:MSV000082953:P2_D3:scan:1270	0.74	7	NoID
0.0	mzspec:MSV000083320:BLANK2_2C:scan:1015	0.74	7	NoID
0.01	mzspec:MSV000079697:group4_P2_G3:scan:861	0.74	7	NoID
0.0	mzspec:MSV000079697:group5_P2_D9:scan:834	0.74	7	NoID
-0.0	mzspec:MSV000088021:KB_2020_69:scan:1149	0.74	7	NoID
0.01	mzspec:MSV000079714:group4_P2_G3:scan:861	0.74	7	NoID
0.0	mzspec:MSV000083559:11713.4.S.4C:scan:684	0.74	7	NoID
0.0	mzspec:MSV000082433:M-441:scan:906	0.74	7	NoID
0.0	mzspec:MSV000079707:group3_P1_E5:scan:810	0.74	7	NoID
0.0	mzspec:MSV000079707:group3_P1_D2:scan:816	0.74	7	NoID
0.0	mzspec:MSV000082331:A3_Peach_Peach1:scan:1543	0.74	7	NoID
-0.0	mzspec:MSV000088842:19C:scan:869	0.74	7	NoID
0.0	mzspec:MSV000079710:group1_P2_B2:scan:952	0.74	7	NoID
0.0	mzspec:MSV000083300:BP000096906_p:scan:845	0.74	7	NoID
-0.0	mzspec:MSV000079697:group1_P1_C1:scan:944	0.74	7	NoID
0.0	mzspec:MSV000082433:584:scan:942	0.74	7	NoID
0.0	mzspec:MSV000082433:M-439:scan:959	0.74	7	NoID
-0.0	mzspec:MSV000088137:2004:scan:925	0.74	7	NoID
0.0	mzspec:MSV000088640:6035070:scan:922	0.74	7	NoID
-0.0	mzspec:MSV000088021:KB_2020_133:scan:1163	0.74	7	NoID
-0.0	mzspec:MSV000085944:skin_04_360_FH:scan:957	0.74	7	NoID
-0.0	mzspec:MSV000085944:skin_05_360_FH:scan:959	0.74	7	NoID
-0.0	mzspec:MSV000085944:skin_10_240_FH:scan:957	0.74	7	NoID
-0.0	mzspec:MSV000085944:skin_04_600_OF:scan:957	0.74	7	NoID
0.0	mzspec:MSV000083320:99319:scan:1021	0.74	7	NoID
-0.0	mzspec:MSV000085944:skin_09_60_UB:scan:936	0.74	7	NoID
-0.0	mzspec:MSV000085944:skin_05_600_UB:scan:971	0.74	7	NoID
-0.0	mzspec:MSV000088640:6034761:scan:926	0.74	7	NoID
0.0	mzspec:MSV000079709:group1_P1_E11:scan:822	0.74	7	NoID
0.0	mzspec:MSV000079718:group2_P2_D1:scan:835	0.74	7	NoID
0.0	mzspec:MSV000079720:group5_P1_G7:scan:939	0.74	7	NoID
0.0	mzspec:MSV000088137:2023:scan:930	0.74	7	NoID
0.0	mzspec:MSV000081463:J1_1_Endocarp_3_G_B2:scan:2277	0.74	7	NoID
0.0	mzspec:MSV000083320:99347:scan:1085	0.74	7	NoID
0.0	mzspec:MSV000082953:P1_D2:scan:1030	0.74	7	NoID
0.0	mzspec:MSV000083320:99581:scan:1091	0.74	7	NoID
-0.0	mzspec:MSV000088842:13A:scan:857	0.74	7	NoID
-0.0	mzspec:MSV000088842:36B:scan:864	0.74	7	NoID
0.0	mzspec:MSV000083559:11713.21.O.21D:scan:765	0.74	7	NoID
-0.0	mzspec:MSV000088021:KB_2020_20:scan:1130	0.74	7	NoID
0.0	mzspec:MSV000082433:162:scan:879	0.74	7	NoID
-0.0	mzspec:MSV000082490:SH503_RH9_01_27591:scan:806	0.74	7	NoID
0.0	mzspec:MSV000083559:11713.24.S.24G:scan:761	0.74	7	NoID
0.0	mzspec:MSV000082433:130:scan:839	0.74	7	NoID
0.0	mzspec:MSV000083559:11713.9.O.9F:scan:805	0.74	7	NoID
-0.0	mzspec:MSV000085944:skin_05_90_UB:scan:966	0.74	7	NoID
0.0	mzspec:MSV000083320:99295:scan:1017	0.74	7	NoID
0.0	mzspec:MSV000083320:99342:scan:1121	0.74	7	NoID
-0.0	mzspec:MSV000079717:group2_P2_G2:scan:948	0.74	7	NoID
0.0	mzspec:MSV000079720:group5_P1_D8:scan:946	0.74	7	NoID
0.0	mzspec:MSV000079720:group5_P1_G5:scan:828	0.74	7	NoID
0.0	mzspec:MSV000079697:group1_P1_E11:scan:822	0.74	7	NoID
-0.0	mzspec:MSV000079719:group5_P2_H7:scan:954	0.74	7	NoID
-0.0	mzspec:MSV000088640:6035117:scan:927	0.74	7	NoID
0.0	mzspec:MSV000086415:63188799:scan:920	0.74	7	NoID
0.0	mzspec:MSV000083320:99777:scan:1108	0.74	7	NoID
0.0	mzspec:MSV000079720:group5_P2_D9:scan:834	0.74	7	NoID
0.0	mzspec:MSV000079720:group5_P1_B10:scan:934	0.74	7	NoID
-0.0	mzspec:MSV000083320:99858:scan:1134	0.74	7	NoID
0.0	mzspec:MSV000083559:11713.1.F.1F:scan:818	0.74	7	NoID
-0.0	mzspec:MSV000079710:group1_P1_C1:scan:944	0.74	7	NoID
0.0	mzspec:MSV000086415:36830117:scan:886	0.74	7	NoID
0.0	mzspec:MSV000083559:11713.4.O.4E:scan:801	0.74	7	NoID
0.0	mzspec:MSV000079717:group2_P1_F6:scan:829	0.74	7	NoID
0.0	mzspec:MSV000083559:11713.1.S.1D:scan:684	0.74	7	NoID
0.0	mzspec:MSV000083300:BP000096927_p:scan:847	0.74	7	NoID
0.0	mzspec:MSV000079697:group3_P1_B4:scan:936	0.74	7	NoID
-0.0	mzspec:MSV000079697:group2_P1_A11:scan:942	0.74	7	NoID
-0.0	mzspec:MSV000087087:5555660:scan:926	0.74	7	NoID
0.0	mzspec:MSV000079697:group5_P2_D6:scan:930	0.74	7	NoID
0.0	mzspec:MSV000079697:group5_P2_B1:scan:930	0.74	7	NoID
0.0	mzspec:MSV000082433:634:scan:916	0.74	7	NoID
0.0	mzspec:MSV000088640:6035098:scan:827	0.74	7	NoID
-0.0	mzspec:MSV000085944:skin_09_60_FH:scan:965	0.74	7	NoID
0.0	mzspec:MSV000079697:group1_P1_C2:scan:811	0.74	7	NoID
0.0	mzspec:MSV000079710:group1_P1_C2:scan:811	0.74	7	NoID
-0.0	mzspec:MSV000083559:11713.9.F.9G:scan:827	0.74	7	NoID
-0.0	mzspec:MSV000087087:5556745:scan:997	0.74	7	NoID
-0.0	mzspec:MSV000088021:KB_2020_153:scan:1259	0.74	7	NoID
-0.0	mzspec:MSV000079717:group2_P1_A11:scan:942	0.74	7	NoID
-0.0	mzspec:MSV000082953:P2_B1:scan:1006	0.74	7	NoID
0.0	mzspec:MSV000079697:group1_P1_F5:scan:824	0.74	7	NoID
0.0	mzspec:MSV000079709:group1_P2_E11:scan:771	0.74	7	NoID
0.0	mzspec:MSV000083559:11713.23.F.23A:scan:890	0.74	7	NoID
0.0	mzspec:MSV000083559:11713.21.F.21C.WYE4:scan:881	0.74	7	NoID
0.0	mzspec:MSV000083559:11713.10.F.10D:scan:853	0.74	7	NoID
0.0	mzspec:MSV000079697:group1_P2_E11:scan:771	0.74	7	NoID
0.0	mzspec:MSV000079710:group1_P1_G6:scan:837	0.74	7	NoID
0.0	mzspec:MSV000079697:group4_P2_C2:scan:781	0.74	7	NoID
0.0	mzspec:MSV000083300:BP000096848_p:scan:945	0.74	7	NoID
0.0	mzspec:MSV000079710:group1_P2_G6:scan:939	0.74	7	NoID
0.0	mzspec:MSV000079706:group3_P2_A7:scan:883	0.74	7	NoID
0.0	mzspec:MSV000079709:group1_P1_F5:scan:824	0.74	7	NoID
0.0	mzspec:MSV000079714:group4_P2_C2:scan:781	0.74	7	NoID
0.0	mzspec:MSV000079697:group1_P1_G6:scan:837	0.74	7	NoID
0.0	mzspec:MSV000079697:group3_P2_A7:scan:883	0.74	7	NoID
-0.0	mzspec:MSV000083320:99613:scan:1043	0.74	7	NoID
0.0	mzspec:MSV000079709:group1_P1_E3:scan:854	0.74	7	NoID
-0.0	mzspec:MSV000085944:skin_03_0_UB:scan:972	0.74	7	NoID
-0.0	mzspec:MSV000085944:skin_11_480_UB:scan:877	0.74	7	NoID
0.0	mzspec:MSV000079697:group4_P2_D2:scan:939	0.74	7	NoID
-0.0	mzspec:MSV000079710:group1_P2_B4:scan:1029	0.74	7	NoID
-0.0	mzspec:MSV000083320:99725:scan:989	0.74	7	NoID
0.0	mzspec:MSV000083320:99825:scan:1066	0.74	7	NoID
0.0	mzspec:MSV000079697:group1_P1_E3:scan:854	0.74	7	NoID
-0.0	mzspec:MSV000079697:group1_P2_B4:scan:1029	0.74	7	NoID
0.0	mzspec:MSV000079714:group4_P2_D2:scan:939	0.74	7	NoID
0.0	mzspec:MSV000080905:P4_EMP_32:scan:733	0.74	7	NoID
0.0	mzspec:MSV000083320:99809:scan:1110	0.74	7	NoID
0.0	mzspec:MSV000083559:11713.17.O.17D:scan:823	0.74	7	NoID
0.0	mzspec:MSV000086415:20223617:scan:908	0.74	7	NoID
0.0	mzspec:MSV000079712:group4_P1_F5:scan:796	0.74	7	NoID
0.0	mzspec:MSV000080905:P3_EMP_53:scan:785	0.74	7	NoID
-0.0	mzspec:MSV000088640:6034918:scan:936	0.74	7	NoID
0.0	mzspec:MSV000083320:99444:scan:1067	0.74	7	NoID
0.04	mzspec:MSV000083475:7F1_8_52_thomas-19-s034-a02:scan:732	0.74	7	NoID
0.04	mzspec:MSV000088842:32D:scan:942	0.74	7	NoID
0.0	mzspec:MSV000079720:group5_P2_D6:scan:930	0.74	7	NoID
0.0	mzspec:MSV000079697:group3_P1_B2:scan:959	0.74	7	NoID
0.0	mzspec:MSV000083559:11713.1.S.1E:scan:676	0.74	7	NoID
0.04	mzspec:MSV000086415:69982533:scan:873	0.74	7	NoID
0.0	mzspec:MSV000086415:1797756:scan:844	0.74	7	NoID
-0.0	mzspec:MSV000085944:skin_09_240_OF:scan:839	0.74	6	NoID
-0.01	mzspec:MSV000084314:MSV000082629:scan:5791	0.74	6	NoID
0.0	mzspec:MSV000083559:11713.18.F.18A:scan:895	0.74	6	NoID
0.0	mzspec:MSV000086415:20187204:scan:840	0.74	6	NoID
-0.0	mzspec:MSV000088137:mars00067:scan:999	0.74	6	NoID
0.0	mzspec:MSV000083559:11713.19.S.19B:scan:777	0.74	6	NoID
0.0	mzspec:MSV000083300:BP000098414_p:scan:857	0.74	6	NoID
0.0	mzspec:MSV000083559:11713.1.F.1E:scan:887	0.74	6	NoID
-0.0	mzspec:MSV000084314:MSV000087728:scan:325254	0.74	6	NoID
0.0	mzspec:MSV000083320:99384:scan:975	0.74	6	NoID
-0.0	mzspec:MSV000088640:6035056:scan:860	0.73	8	NoID
0.0	mzspec:MSV000082433:M-0027:scan:852	0.73	8	NoID
0.0	mzspec:MSV000082433:M-547:scan:823	0.73	7	NoID
0.0	mzspec:MSV000082433:M-204:scan:888	0.73	7	NoID
0.0	mzspec:MSV000088137:2151:scan:800	0.73	7	NoID
-0.0	mzspec:MSV000088842:36E:scan:973	0.73	7	NoID
-0.0	mzspec:MSV000082331:C1_Peach_Peach2:scan:1658	0.73	7	NoID
0.0	mzspec:MSV000083300:BP000097016_p:scan:857	0.73	7	NoID
-0.0	mzspec:MSV000082953:P4_A11:scan:1282	0.73	7	NoID
-0.0	mzspec:MSV000088137:2056:scan:923	0.73	7	NoID
0.0	mzspec:MSV000083559:11713.20.S.20G:scan:683	0.73	7	NoID
-0.0	mzspec:MSV000088842:14E:scan:875	0.73	7	NoID
0.0	mzspec:MSV000088137:2046:scan:929	0.73	7	NoID
-0.0	mzspec:MSV000088842:37B:scan:987	0.73	7	NoID
-0.0	mzspec:MSV000088021:KB_2020_242:scan:1106	0.73	7	NoID
-0.0	mzspec:MSV000079707:group3_P2_H11:scan:1020	0.73	7	NoID
0.0	mzspec:MSV000083559:11713.18.F.18F:scan:879	0.73	7	NoID
-0.0	mzspec:MSV000088842:3D:scan:873	0.73	7	NoID
0.0	mzspec:MSV000079717:group2_P1_A4:scan:945	0.73	7	NoID
-0.0	mzspec:MSV000088842:1B:scan:958	0.73	7	NoID
0.0	mzspec:MSV000079712:group4_P1_A2:scan:934	0.73	7	NoID
0.0	mzspec:MSV000083475:7D2_8_33_thomas-19-s029-a02:scan:779	0.73	7	NoID
0.0	mzspec:MSV000079712:group4_P1_B2:scan:923	0.73	7	NoID
0.0	mzspec:MSV000079697:group1_P1_E8:scan:829	0.73	7	NoID
0.0	mzspec:MSV000079709:group1_P1_E8:scan:829	0.73	7	NoID
-0.0	mzspec:MSV000088842:27D:scan:965	0.73	7	NoID
-0.0	mzspec:MSV000082953:P4_D7:scan:1306	0.73	7	NoID
-0.0	mzspec:MSV000088021:KB_2020_05:scan:1221	0.73	7	NoID
0.0	mzspec:MSV000081463:J4_1_Core_3_G_A9:scan:2246	0.73	7	NoID
-0.0	mzspec:MSV000082953:P4_B6:scan:1286	0.73	7	NoID
-0.0	mzspec:MSV000079697:group2_P1_H6:scan:951	0.73	7	NoID
0.0	mzspec:MSV000079697:group3_P1_E3:scan:939	0.73	7	NoID
-0.0	mzspec:MSV000085944:skin_04_30_OF:scan:942	0.73	7	NoID
-0.0	mzspec:MSV000088842:31E:scan:876	0.73	7	NoID
0.0	mzspec:MSV000083559:11713.25.O.25B:scan:775	0.73	7	NoID
0.0	mzspec:MSV000087948:CMI_YB9_05ul:scan:838	0.73	7	NoID
0.0	mzspec:MSV000079697:group2_P2_A5:scan:847	0.73	7	NoID
0.0	mzspec:MSV000079718:group2_P1_H6:scan:826	0.73	7	NoID
-0.0	mzspec:MSV000085944:skin_10_720_UB:scan:956	0.73	7	NoID
0.0	mzspec:MSV000083559:11713.14.O.14C:scan:838	0.73	7	NoID
-0.0	mzspec:MSV000085944:skin_04_240_OF:scan:953	0.73	7	NoID
-0.0	mzspec:MSV000085944:skin_08_720_OF:scan:952	0.73	7	NoID
-0.04	mzspec:MSV000082891:20170406_10431116_Metabolomics_Sample29:scan:8150	0.73	7	NoID
-0.0	mzspec:MSV000085944:skin_10_30_FH:scan:950	0.73	7	NoID
-0.0	mzspec:MSV000085944:skin_07_240_FH:scan:952	0.73	7	NoID
-0.0	mzspec:MSV000085944:skin_10_240_OF:scan:942	0.73	7	NoID
-0.0	mzspec:MSV000085944:skin_02_90_FH:scan:937	0.73	7	NoID
-0.0	mzspec:MSV000085944:skin_10_360_FH:scan:958	0.73	7	NoID
0.0	mzspec:MSV000079718:group2_P1_D5:scan:813	0.73	7	NoID
0.0	mzspec:MSV000082433:230:scan:811	0.73	7	NoID
0.0	mzspec:MSV000083559:11713.10.S.10G:scan:795	0.73	7	NoID
0.0	mzspec:MSV000083559:11713.2.S.2G:scan:676	0.73	7	NoID
0.0	mzspec:MSV000079697:group2_P1_A4:scan:945	0.73	7	NoID
0.0	mzspec:MSV000083559:11713.23.O.23E:scan:762	0.73	7	NoID
0.0	mzspec:MSV000083559:11713.12.O.12C:scan:780	0.73	7	NoID
0.0	mzspec:MSV000079712:group4_P1_E3:scan:797	0.73	7	NoID
0.0	mzspec:MSV000079697:group4_P1_A2:scan:934	0.73	7	NoID
-0.0	mzspec:MSV000085944:skin_03_360_FH:scan:961	0.73	7	NoID
0.0	mzspec:MSV000080627:ONR_Stool_27:scan:793	0.73	7	NoID
-0.0	mzspec:MSV000088021:KB_2020_97:scan:1182	0.73	7	NoID
0.0	mzspec:MSV000079697:group5_P1_G12:scan:933	0.73	7	NoID
0.04	mzspec:MSV000083559:11713.2.C.2A:scan:797	0.73	7	NoID
0.0	mzspec:MSV000083559:11713.18.O.18G:scan:763	0.73	7	NoID
0.0	mzspec:MSV000079697:group4_P1_E3:scan:797	0.73	7	NoID
0.0	mzspec:MSV000082953:P5_A1:scan:1196	0.73	7	NoID
-0.0	mzspec:MSV000085944:skin_08_120_UB:scan:940	0.73	7	NoID
0.0	mzspec:MSV000082433:936:scan:910	0.73	7	NoID
0.04	mzspec:MSV000088640:6035110:scan:893	0.73	7	NoID
0.0	mzspec:MSV000079697:group4_P1_G3:scan:934	0.73	7	NoID
0.0	mzspec:MSV000079697:group4_P1_B2:scan:923	0.73	7	NoID
0.0	mzspec:MSV000086415:20965598:scan:893	0.73	7	NoID
0.0	mzspec:MSV000083300:BP000097074_p:scan:853	0.73	7	NoID
-0.0	mzspec:MSV000085944:skin_07_240_UB:scan:960	0.73	7	NoID
-0.0	mzspec:MSV000085944:skin_11_0_OF:scan:972	0.73	7	NoID
0.0	mzspec:MSV000079718:group2_P1_D4:scan:816	0.73	7	NoID
0.04	mzspec:MSV000083559:11713.4.O.4C:scan:779	0.73	7	NoID
0.0	mzspec:MSV000082953:P4_B8:scan:1152	0.73	7	NoID
-0.0	mzspec:MSV000087087:5556800:scan:927	0.73	7	NoID
0.04	mzspec:MSV000081463:J4_1_Locular_Tissue_3_G_A8:scan:2259	0.73	7	NoID
0.0	mzspec:MSV000079720:group5_P1_G12:scan:933	0.73	7	NoID
0.0	mzspec:MSV000083559:11713.21.O.21E:scan:696	0.73	7	NoID
0.0	mzspec:MSV000079712:group4_P1_G3:scan:934	0.73	7	NoID
-0.0	mzspec:MSV000085944:skin_08_600_FH:scan:955	0.73	7	NoID
-0.04	mzspec:MSV000082891:20170406_10431116_Metabolomics_Sample28:scan:7315	0.73	7	NoID
0.0	mzspec:MSV000085944:skin_03_600_FH:scan:914	0.73	7	NoID
-0.0	mzspec:MSV000087087:5556688:scan:981	0.73	7	NoID
0.0	mzspec:MSV000080627:ONR_Stool_8:scan:876	0.73	7	NoID
0.0	mzspec:MSV000083320:99365:scan:1023	0.73	7	NoID
0.0	mzspec:MSV000083320:99497:scan:1024	0.73	7	NoID
-0.0	mzspec:MSV000088842:28D:scan:865	0.73	7	NoID
0.0	mzspec:MSV000082953:P1_B8:scan:1030	0.73	7	NoID
-0.0	mzspec:MSV000088021:KB_2020_152:scan:1150	0.73	7	NoID
0.0	mzspec:MSV000080627:ONR_Stool_19:scan:932	0.73	7	NoID
0.0	mzspec:MSV000079707:group3_P1_A7:scan:847	0.73	7	NoID
0.0	mzspec:MSV000082953:P1_D11:scan:1194	0.73	7	NoID
0.0	mzspec:MSV000079697:group2_P1_D4:scan:816	0.73	7	NoID
0.0	mzspec:MSV000079697:group3_P1_A7:scan:847	0.73	7	NoID
-0.0	mzspec:MSV000079706:group3_P1_H2:scan:945	0.73	7	NoID
0.0	mzspec:MSV000079697:group5_P1_C6:scan:825	0.73	7	NoID
-0.0	mzspec:MSV000079697:group3_P2_H11:scan:1020	0.73	7	NoID
0.0	mzspec:MSV000086415:63818202:scan:902	0.73	7	NoID
0.0	mzspec:MSV000083559:11713.5.O.5E.WYG11:scan:794	0.73	7	NoID
-0.0	mzspec:MSV000085944:skin_10_30_OF:scan:935	0.73	7	NoID
0.0	mzspec:MSV000087948:CMI_YB4_05ul:scan:911	0.73	7	NoID
0.0	mzspec:MSV000083300:BP000096825_p:scan:846	0.73	7	NoID
-0.0	mzspec:MSV000082953:Pooled_QC_start5:scan:1312	0.73	7	NoID
0.0	mzspec:MSV000082953:P2_B5:scan:1165	0.73	7	NoID
0.0	mzspec:MSV000079720:group5_P1_C6:scan:992	0.73	7	NoID
0.0	mzspec:MSV000082433:546:scan:984	0.73	7	NoID
-0.0	mzspec:MSV000088842:7D:scan:849	0.73	7	NoID
0.0	mzspec:MSV000083559:11713.5.O.5C:scan:690	0.73	7	NoID
-0.0	mzspec:MSV000088640:6035129:scan:995	0.73	7	NoID
0.0	mzspec:MSV000087612:69:scan:880	0.73	7	NoID
0.0	mzspec:MSV000083300:BP000097174_p:scan:956	0.73	7	NoID
-0.0	mzspec:MSV000085944:skin_03_720_FH:scan:852	0.73	7	NoID
0.0	mzspec:MSV000083559:11713.23.S.23D:scan:836	0.73	7	NoID
0.0	mzspec:MSV000079712:group4_P1_C11:scan:800	0.73	7	NoID
0.0	mzspec:MSV000083559:11713.12.S.12E:scan:682	0.73	7	NoID
-0.0	mzspec:MSV000088842:40B:scan:982	0.73	7	NoID
-0.0	mzspec:MSV000088137:mars00015:scan:950	0.73	7	NoID
-0.0	mzspec:MSV000079697:group3_P1_H2:scan:945	0.73	7	NoID
-0.0	mzspec:MSV000088021:KB_2020_125:scan:1135	0.73	7	NoID
-0.0	mzspec:MSV000088842:16D:scan:853	0.73	7	NoID
-0.0	mzspec:MSV000088842:2B:scan:869	0.73	7	NoID
-0.0	mzspec:MSV000088640:6034564:scan:919	0.73	7	NoID
0.0	mzspec:MSV000083559:11713.1.O.1B:scan:843	0.73	7	NoID
-0.0	mzspec:MSV000079697:group3_P1_A3:scan:1088	0.73	7	NoID
-0.0	mzspec:MSV000088640:6034696:scan:916	0.73	7	NoID
0.0	mzspec:MSV000088640:6035158:scan:920	0.73	7	NoID
0.0	mzspec:MSV000079697:group4_P1_C11:scan:800	0.73	7	NoID
-0.02	mzspec:MSV000088021:KB_2020_227:scan:444	0.73	7	NoID
-0.0	mzspec:MSV000085944:skin_03_600_OF:scan:974	0.73	7	NoID
0.0	mzspec:MSV000079697:group3_P1_E4:scan:831	0.73	7	NoID
0.0	mzspec:MSV000079697:group2_P1_D5:scan:813	0.73	7	NoID
0.0	mzspec:MSV000082433:M-555:scan:910	0.73	7	NoID
0.0	mzspec:MSV000082433:504:scan:853	0.73	7	NoID
0.0	mzspec:MSV000082433:552:scan:810	0.73	7	NoID
-0.0	mzspec:MSV000085944:skin_11_60_UB:scan:966	0.73	7	NoID
-0.0	mzspec:MSV000085944:skin_02_360_OF:scan:944	0.73	7	NoID
-0.0	mzspec:MSV000085944:skin_08_0_UB:scan:943	0.73	7	NoID
-0.0	mzspec:MSV000088137:mars0008:scan:932	0.73	7	NoID
-0.0	mzspec:MSV000088137:mars00040:scan:910	0.73	7	NoID
0.0	mzspec:MSV000088137:2208:scan:818	0.73	7	NoID
-0.0	mzspec:MSV000086415:50401426:scan:896	0.73	7	NoID
-0.0	mzspec:MSV000088137:2034:scan:930	0.73	7	NoID
0.0	mzspec:MSV000079707:group3_P1_E4:scan:831	0.73	7	NoID
0.0	mzspec:MSV000083320:99424:scan:1074	0.73	7	NoID
0.0	mzspec:MSV000079707:group3_P1_E3:scan:939	0.73	7	NoID
-0.0	mzspec:MSV000088137:2055:scan:931	0.73	7	NoID
-0.0	mzspec:MSV000088021:KB_2020_42:scan:1174	0.73	7	NoID
0.0	mzspec:MSV000080627:ONR_Stool_29:scan:832	0.73	7	NoID
-0.0	mzspec:MSV000088021:KB_2020_47:scan:1181	0.73	7	NoID
0.0	mzspec:MSV000079718:group2_P2_A5:scan:847	0.73	7	NoID
-0.0	mzspec:MSV000088137:mars00126:scan:996	0.73	7	NoID
0.0	mzspec:MSV000083320:99339:scan:1100	0.73	7	NoID
0.0	mzspec:MSV000083300:BP000098371_p:scan:872	0.73	7	NoID
-0.0	mzspec:MSV000088021:KB_2020_86:scan:1031	0.73	7	NoID
0.0	mzspec:MSV000083559:11713.5.S.5E.P5:scan:774	0.73	7	NoID
-0.0	mzspec:MSV000079707:group3_P1_A3:scan:1088	0.73	7	NoID
0.0	mzspec:MSV000082433:696:scan:933	0.73	7	NoID
-0.0	mzspec:MSV000088021:KB_2020_08:scan:1281	0.73	7	NoID
0.0	mzspec:MSV000083475:1907_EMPv2_INN_GNPS:scan:15458	0.73	7	NoID
0.0	mzspec:MSV000083475:1907_EMPv2_INN_GNPS_derep_format:scan:15458	0.73	7	NoID
0.0	mzspec:MSV000083300:BP000096905_p:scan:857	0.73	6	NoID
0.0	mzspec:MSV000082433:154:scan:751	0.73	6	NoID
0.04	mzspec:MSV000083475:7C7_8_27_song-53-s004-a04:scan:650	0.73	6	NoID
0.0	mzspec:MSV000082953:Pooled_QC_end:scan:958	0.73	6	NoID
0.02	mzspec:MSV000088021:KB_2020_124:scan:232	0.73	6	NoID
0.01	mzspec:MSV000084314:MSV000079034:scan:9073	0.73	6	NoID
0.0	mzspec:MSV000079697:blank_7:scan:926	0.73	6	NoID
0.0	mzspec:MSV000082953:Pooled_QC_mid_180918150246:scan:1004	0.73	6	NoID
0.0	mzspec:MSV000082433:582:scan:750	0.73	6	NoID
0.04	mzspec:MSV000085944:skin_03_1440_UB:scan:934	0.73	6	NoID
0.0	mzspec:MSV000083559:11713.25.F.25D:scan:933	0.73	6	NoID
0.0	mzspec:MSV000088137:2032:scan:803	0.73	6	NoID
-0.0	mzspec:MSV000088842:40B_20211120145407:scan:857	0.73	6	NoID
-0.0	mzspec:MSV000088842:32E:scan:864	0.73	6	NoID
0.0	mzspec:MSV000083320:99500:scan:970	0.73	6	NoID
-0.0	mzspec:MSV000082953:blank_clean_end:scan:2448	0.73	6	NoID
-0.02	mzspec:MSV000088021:KB_2020_225:scan:184	0.73	6	NoID
0.0	mzspec:MSV000083300:BP000098407_p:scan:862	0.73	6	NoID
0.05	mzspec:MSV000083134:4_81_II:scan:2519	0.73	5	NoID
-0.0	mzspec:MSV000088137:mars00009:scan:985	0.72	7	NoID
-0.0	mzspec:MSV000079709:group1_P2_F10:scan:937	0.72	7	NoID
-0.0	mzspec:MSV000088842:18C:scan:962	0.72	7	NoID
0.0	mzspec:MSV000082433:M-556:scan:814	0.72	7	NoID
0.0	mzspec:MSV000086415:20933324:scan:890	0.72	7	NoID
-0.0	mzspec:MSV000088640:6035154:scan:926	0.72	7	NoID
-0.0	mzspec:MSV000088640:6034850:scan:922	0.72	7	NoID
0.0	mzspec:MSV000082433:M-489:scan:977	0.72	7	NoID
-0.0	mzspec:MSV000079710:group1_P2_G3:scan:921	0.72	7	NoID
-0.0	mzspec:MSV000079697:group1_P2_F10:scan:937	0.72	7	NoID
-0.0	mzspec:MSV000088640:6035032:scan:936	0.72	7	NoID
0.0	mzspec:MSV000082433:M-557:scan:969	0.72	7	NoID
-0.0	mzspec:MSV000079710:group1_P2_F10:scan:937	0.72	7	NoID
0.0	mzspec:MSV000082433:586:scan:938	0.72	7	NoID
-0.0	mzspec:MSV000079697:group1_P2_G3:scan:921	0.72	7	NoID
0.0	mzspec:MSV000083559:11713.19.O.19D:scan:758	0.72	7	NoID
0.0	mzspec:MSV000082433:M-379:scan:867	0.72	7	NoID
0.0	mzspec:MSV000083320:99403:scan:1014	0.72	7	NoID
0.0	mzspec:MSV000083559:11713.2.O.2C:scan:793	0.72	7	NoID
-0.0	mzspec:MSV000087087:5556791:scan:987	0.72	7	NoID
0.0	mzspec:MSV000083559:11713.24.S.24C:scan:769	0.72	7	NoID
-0.0	mzspec:MSV000083475:7F10_8_60_song-75-s003-a04:scan:869	0.72	7	NoID
-0.0	mzspec:MSV000088021:KB_2020_244:scan:1140	0.72	7	NoID
-0.0	mzspec:MSV000088021:KB_2020_66:scan:4069	0.72	7	NoID
0.0	mzspec:MSV000082433:M-298:scan:900	0.72	7	NoID
0.0	mzspec:MSV000083559:11713.1.O.1D:scan:780	0.72	7	NoID
0.0	mzspec:MSV000083559:11713.24.S.24B:scan:770	0.72	7	NoID
-0.0	mzspec:MSV000085944:skin_05_720_OF:scan:964	0.72	7	NoID
-0.0	mzspec:MSV000083559:11713.24.O.24G:scan:871	0.72	7	NoID
0.0	mzspec:MSV000083559:11713.12.O.12A:scan:768	0.72	7	NoID
0.0	mzspec:MSV000083559:11713.1.F.1B.P2:scan:876	0.72	7	NoID
0.0	mzspec:MSV000083559:11713.14.O.14E:scan:800	0.72	7	NoID
0.0	mzspec:MSV000079707:group3_P1_A8:scan:848	0.72	7	NoID
-0.0	mzspec:MSV000082953:P5_D11:scan:1323	0.72	7	NoID
0.0	mzspec:MSV000080905:P3_EMP_27:scan:775	0.72	7	NoID
0.0	mzspec:MSV000086415:20613887:scan:903	0.72	7	NoID
-0.0	mzspec:MSV000087087:5556641:scan:924	0.72	7	NoID
-0.0	mzspec:MSV000087087:5556731:scan:926	0.72	7	NoID
0.0	mzspec:MSV000082433:170:scan:752	0.72	7	NoID
0.0	mzspec:MSV000079697:group3_P1_A8:scan:848	0.72	7	NoID
0.0	mzspec:MSV000083300:BP000096912_p:scan:971	0.72	7	NoID
0.0	mzspec:MSV000088137:2061:scan:796	0.72	7	NoID
-0.0	mzspec:MSV000083475:7B1_8_11_song-51-s007-a04:scan:863	0.72	7	NoID
0.0	mzspec:MSV000079697:group1_P2_A12:scan:1063	0.72	7	NoID
0.0	mzspec:MSV000088137:2109:scan:874	0.72	7	NoID
0.0	mzspec:MSV000079710:group1_P2_A12:scan:1063	0.72	7	NoID
0.0	mzspec:MSV000081463:J1_1_Locular_Tissue_3_G_B3:scan:2231	0.72	7	NoID
0.0	mzspec:MSV000082433:872:scan:839	0.72	7	NoID
-0.0	mzspec:MSV000088640:6035034:scan:1012	0.72	7	NoID
0.0	mzspec:MSV000086415:20201927:scan:892	0.72	7	NoID
-0.0	mzspec:MSV000088640:6034767:scan:921	0.72	7	NoID
0.04	mzspec:MSV000082331:A2_swab_blank_swab_blank:scan:1603	0.72	7	NoID
0.04	mzspec:MSV000083475:7G7_8_67_thomas-19-s039-a02:scan:754	0.72	7	NoID
0.0	mzspec:MSV000083559:11713.20.S.20B:scan:770	0.72	7	NoID
0.0	mzspec:MSV000083559:11713.25.O.25G:scan:785	0.72	7	NoID
0.0	mzspec:MSV000083300:BP000097182_p:scan:846	0.72	7	NoID
0.0	mzspec:MSV000083559:11713.13.F.13E:scan:874	0.72	7	NoID
0.0	mzspec:MSV000083559:11713.18.O.18C:scan:709	0.72	7	NoID
-0.0	mzspec:MSV000088137:2182:scan:937	0.72	7	NoID
0.0	mzspec:MSV000080905:P3_EMP_29:scan:788	0.72	7	NoID
0.0	mzspec:MSV000083300:BP000096890_p:scan:857	0.72	7	NoID
0.0	mzspec:MSV000088137:2116:scan:810	0.72	7	NoID
0.0	mzspec:MSV000079697:group1_P2_D11:scan:829	0.72	7	NoID
0.0	mzspec:MSV000079712:group4_P1_C3:scan:934	0.72	7	NoID
0.0	mzspec:MSV000079709:group1_P2_D11:scan:829	0.72	7	NoID
0.0	mzspec:MSV000082433:M-639:scan:802	0.72	7	NoID
0.0	mzspec:MSV000080627:ONR_Stool_37:scan:936	0.72	7	NoID
0.0	mzspec:MSV000086415:95453354:scan:931	0.72	7	NoID
0.0	mzspec:MSV000086415:22868024:scan:913	0.72	7	NoID
0.0	mzspec:MSV000082433:184:scan:942	0.72	7	NoID
-0.0	mzspec:MSV000087087:5556733:scan:924	0.72	7	NoID
0.0	mzspec:MSV000082433:314:scan:835	0.72	7	NoID
-0.0	mzspec:MSV000087087:5556702:scan:923	0.72	7	NoID
-0.0	mzspec:MSV000087087:5556778:scan:1012	0.72	7	NoID
-0.0	mzspec:MSV000088842:37A:scan:992	0.72	7	NoID
-0.0	mzspec:MSV000088842:40C_20211120171746:scan:863	0.72	7	NoID
-0.0	mzspec:MSV000088842:25C:scan:974	0.72	7	NoID
-0.0	mzspec:MSV000088640:6034956:scan:929	0.72	7	NoID
0.0	mzspec:MSV000083559:11713.22.O.22F:scan:847	0.72	7	NoID
-0.0	mzspec:MSV000085555:SSA-20200430_pos_1:scan:1447	0.72	7	NoID
-0.0	mzspec:MSV000085944:skin_11_90_FH:scan:988	0.72	7	NoID
-0.0	mzspec:MSV000085944:skin_10_720_FH:scan:941	0.72	7	NoID
-0.0	mzspec:MSV000085944:skin_04_1440_UB:scan:959	0.72	7	NoID
0.0	mzspec:MSV000079697:group4_P1_C10:scan:921	0.72	7	NoID
-0.0	mzspec:MSV000088842:45E:scan:964	0.72	7	NoID
0.0	mzspec:MSV000081463:J4_1_Placenta_3_G_A10:scan:2296	0.72	7	NoID
-0.0	mzspec:MSV000088842:10A:scan:862	0.72	7	NoID
-0.0	mzspec:MSV000085944:skin_09_0_OF:scan:954	0.72	7	NoID
-0.0	mzspec:MSV000085944:skin_03_60_OF:scan:976	0.72	7	NoID
0.04	mzspec:MSV000083559:11713.2.S.2C:scan:788	0.72	7	NoID
-0.0	mzspec:MSV000085944:skin_02_90_OF:scan:945	0.72	7	NoID
-0.0	mzspec:MSV000085944:skin_03_1440_FH:scan:971	0.72	7	NoID
0.0	mzspec:MSV000082629:18NAVY28_V2_20180415:scan:806	0.72	7	NoID
-0.0	mzspec:MSV000088842:25B:scan:860	0.72	7	NoID
-0.0	mzspec:MSV000088842:7B:scan:952	0.72	7	NoID
-0.0	mzspec:MSV000088842:9C:scan:871	0.72	7	NoID
0.0	mzspec:MSV000079697:group4_P1_C3:scan:934	0.72	7	NoID
0.0	mzspec:MSV000079712:group4_P1_C10:scan:921	0.72	7	NoID
0.0	mzspec:MSV000082433:866:scan:957	0.72	7	NoID
0.0	mzspec:MSV000083559:11713.20.F20B:scan:882	0.72	7	NoID
0.0	mzspec:MSV000083300:BP000096817_p:scan:962	0.72	7	NoID
0.0	mzspec:MSV000087612:63:scan:896	0.72	7	NoID
0.0	mzspec:MSV000083300:BP000096834_p:scan:958	0.72	7	NoID
0.0	mzspec:MSV000082433:M-876:scan:802	0.72	7	NoID
0.0	mzspec:MSV000087612:43:scan:832	0.72	7	NoID
0.0	mzspec:MSV000083300:BP000098430_p:scan:952	0.72	7	NoID
0.0	mzspec:MSV000083559:11713.3.O.3H:scan:764	0.72	7	NoID
-0.0	mzspec:MSV000087087:5556815:scan:929	0.72	7	NoID
-0.0	mzspec:MSV000085944:skin_07_1440_OF:scan:944	0.72	7	NoID
0.0	mzspec:MSV000088640:6035053:scan:910	0.72	7	NoID
0.0	mzspec:MSV000085944:skin_07_360_UB:scan:904	0.72	6	NoID
-0.0	mzspec:MSV000085944:skin_11_720_UB:scan:866	0.72	6	NoID
-0.0	mzspec:MSV000088842:39D:scan:965	0.72	6	NoID
-0.0	mzspec:MSV000088842:16C:scan:948	0.72	6	NoID
0.02	mzspec:MSV000086415:50410319:scan:1042	0.72	6	NoID
0.0	mzspec:MSV000080627:ONR_Stool_18:scan:791	0.72	6	NoID
0.0	mzspec:MSV000082433:196:scan:827	0.72	6	NoID
-0.0	mzspec:MSV000085944:skin_11_600_FH:scan:814	0.72	6	NoID
0.0	mzspec:MSV000083320:99505:scan:1101	0.72	6	NoID
-0.0	mzspec:MSV000082953:6-mix_end:scan:3408	0.72	6	NoID
-0.0	mzspec:MSV000082953:blank_noSwab_mid_180918120910:scan:1584	0.72	6	NoID
-0.0	mzspec:MSV000088640:Blank_00_P01_no_inj:scan:974	0.72	6	NoID
-0.02	mzspec:MSV000088021:KB_2020_220:scan:655	0.72	6	NoID
0.0	mzspec:MSV000088137:mars00060:scan:949	0.72	6	NoID
0.0	mzspec:MSV000083475:7A7_8_6_thomas-19-s028-a02:scan:683	0.72	6	NoID
0.0	mzspec:MSV000086415:21190619:scan:833	0.72	6	NoID
0.0	mzspec:MSV000083559:11713.2.F.2F:scan:848	0.72	6	NoID
-0.0	mzspec:MSV000082891:20170406_10431116_Metabolomics_Sample01:scan:7230	0.72	6	NoID
0.0	mzspec:MSV000083559:11713.22.F.22E:scan:909	0.72	6	NoID
0.0	mzspec:MSV000082953:Pooled_QC_mid_180917202117:scan:1226	0.72	6	NoID
0.0	mzspec:MSV000082629:18NAVY30_V2_20180219:scan:862	0.72	6	NoID
0.0	mzspec:MSV000083300:BP000096858_p:scan:853	0.72	6	NoID
0.0	mzspec:MSV000082433:M-0023:scan:829	0.72	6	NoID
0.0	mzspec:MSV000082433:M-636:scan:721	0.72	6	NoID
0.0	mzspec:MSV000083264:13232_POS:scan:2965	0.72	6	NoID
0.0	mzspec:MSV000083559:11713.4.S.4D:scan:779	0.72	6	NoID
0.0	mzspec:MSV000083559:11713.16.F.16D:scan:917	0.72	6	NoID
0.0	mzspec:MSV000082953:P4_B10:scan:1136	0.72	6	NoID
0.0	mzspec:MSV000083300:BP000098424_p:scan:789	0.72	6	NoID
0.0	mzspec:MSV000083300:BP000096871_p:scan:860	0.72	6	NoID
0.0	mzspec:MSV000083320:99458:scan:949	0.72	6	NoID
-0.0	mzspec:MSV000088842:11D:scan:852	0.72	6	NoID
-0.0	mzspec:MSV000085944:skin_01_90_UB:scan:942	0.72	6	NoID
0.0	mzspec:MSV000084314:MSV000082331:scan:3083	0.72	6	NoID
-0.0	mzspec:MSV000088842:5E:scan:966	0.72	6	NoID
-0.0	mzspec:MSV000085944:skin_02_60_FH:scan:977	0.72	6	NoID
0.0	mzspec:MSV000082433:M-302:scan:734	0.72	6	NoID
-0.04	mzspec:MSV000088842:8B:scan:1763	0.72	5	NoID
-0.0	mzspec:MSV000083559:11713.Std.Mix.2.P6.WRA1:scan:56	0.72	5	NoID
-0.0	mzspec:MSV000088640:6035089:scan:986	0.71	7	NoID
-0.04	mzspec:MSV000082891:20170406_10431116_Metabolomics_Sample02:scan:7267	0.71	7	NoID
0.0	mzspec:MSV000083300:BP000097017_p:scan:941	0.71	7	NoID
0.04	mzspec:MSV000083559:11713.11.S.11E:scan:837	0.71	7	NoID
0.0	mzspec:MSV000083559:11713.5.O.5D:scan:775	0.71	7	NoID
0.0	mzspec:MSV000083559:11713.20.O.20E.WGD4:scan:798	0.71	7	NoID
0.0	mzspec:MSV000086415:20494368_rerun:scan:893	0.71	7	NoID
0.0	mzspec:MSV000082433:M-421:scan:748	0.71	7	NoID
0.0	mzspec:MSV000083559:11713.24.O.24F:scan:774	0.71	7	NoID
0.0	mzspec:MSV000083300:BP000098463_p:scan:950	0.71	7	NoID
-0.0	mzspec:MSV000082953:Pooled_QC_start2:scan:1331	0.71	7	NoID
0.0	mzspec:MSV000088137:2269:scan:872	0.71	7	NoID
-0.0	mzspec:MSV000082953:P2_B2:scan:1289	0.71	7	NoID
-0.0	mzspec:MSV000088137:2256:scan:970	0.71	7	NoID
-0.0	mzspec:MSV000088640:6034820:scan:972	0.71	7	NoID
0.0	mzspec:MSV000083541:S3_100H2O_171006225436:scan:1015	0.71	7	NoID
-0.0	mzspec:MSV000082433:M-655:scan:1032	0.71	7	NoID
0.0	mzspec:MSV000080627:ONR_Stool_26:scan:973	0.71	7	NoID
0.0	mzspec:MSV000088137:mars00087:scan:892	0.71	7	NoID
-0.04	mzspec:MSV000082891:20170406_10431116_Metabolomics_Sample44:scan:8046	0.71	7	NoID
-0.0	mzspec:MSV000085944:skin_10_90_FH:scan:866	0.71	7	NoID
0.0	mzspec:MSV000083559:11713.2.O.2E:scan:802	0.71	7	NoID
-0.0	mzspec:MSV000087087:5556863:scan:993	0.71	7	NoID
-0.0	mzspec:MSV000088021:KB_2020_65:scan:1108	0.71	7	NoID
-0.0	mzspec:MSV000088021:KB_2020_37:scan:1070	0.71	7	NoID
-0.0	mzspec:MSV000088842:17C:scan:871	0.71	7	NoID
-0.0	mzspec:MSV000085944:skin_05_30_OF:scan:960	0.71	7	NoID
0.0	mzspec:MSV000083541:S3_50MeOH_171007000144:scan:1125	0.71	7	NoID
0.0	mzspec:MSV000080627:ONR_Stool_15:scan:788	0.71	7	NoID
-0.02	mzspec:MSV000079718:group2_P1_G7:scan:845	0.71	7	NoID
-0.02	mzspec:MSV000079697:group2_P1_G7:scan:845	0.71	7	NoID
-0.0	mzspec:MSV000088842:25D:scan:971	0.71	7	NoID
0.0	mzspec:MSV000079707:group3_P1_B1:scan:1055	0.71	7	NoID
0.0	mzspec:MSV000086415:77970662:scan:910	0.71	7	NoID
-0.0	mzspec:MSV000079717:group2_P2_D8:scan:1054	0.71	7	NoID
0.0	mzspec:MSV000080627:ONR_Stool_12:scan:877	0.71	7	NoID
-0.0	mzspec:MSV000079697:group2_P2_D8:scan:1054	0.71	7	NoID
-0.0	mzspec:MSV000088021:KB_2020_232:scan:1150	0.71	7	NoID
-0.02	mzspec:MSV000085944:skin_09_30_FH:scan:1063	0.71	7	NoID
-0.0	mzspec:MSV000088137:donotuse3_12C:scan:995	0.71	7	NoID
0.0	mzspec:MSV000079697:group3_P1_B1:scan:965	0.71	7	NoID
-0.0	mzspec:MSV000088842:21A:scan:868	0.71	7	NoID
-0.0	mzspec:MSV000088640:6035136:scan:923	0.71	7	NoID
-0.0	mzspec:MSV000085944:skin_08_720_UB:scan:963	0.71	7	NoID
0.0	mzspec:MSV000086415:51815338:scan:887	0.71	7	NoID
0.0	mzspec:MSV000083475:7F12_8_61_song-53-s002-a04:scan:792	0.71	7	NoID
-0.0	mzspec:MSV000085944:skin_10_0_OF:scan:943	0.71	7	NoID
-0.0	mzspec:MSV000085944:skin_04_720_FH:scan:962	0.71	7	NoID
-0.0	mzspec:MSV000088137:2001:scan:927	0.71	7	NoID
-0.0	mzspec:MSV000088137:2172:scan:933	0.71	7	NoID
0.0	mzspec:MSV000081463:J1_1_Mesocarp_3_G_B1:scan:2271	0.71	7	NoID
0.0	mzspec:MSV000082433:938:scan:898	0.71	7	NoID
0.0	mzspec:MSV000086415:73033080:scan:916	0.71	7	NoID
0.0	mzspec:MSV000086415:20983400:scan:919	0.71	7	NoID
0.0	mzspec:MSV000082433:138:scan:901	0.71	7	NoID
0.0	mzspec:MSV000082433:M-477:scan:839	0.71	7	NoID
0.0	mzspec:MSV000082433:M-160:scan:1029	0.71	7	NoID
-0.0	mzspec:MSV000085944:skin_02_240_OF:scan:946	0.71	7	NoID
-0.0	mzspec:MSV000088137:2048:scan:948	0.71	7	NoID
0.0	mzspec:MSV000088137:2181:scan:908	0.71	7	NoID
0.0	mzspec:MSV000082433:522:scan:976	0.71	7	NoID
-0.0	mzspec:MSV000088640:6035106:scan:1001	0.71	7	NoID
0.0	mzspec:MSV000082953:P2_C8:scan:979	0.71	7	NoID
-0.0	mzspec:MSV000088842:4C:scan:926	0.71	7	NoID
-0.0	mzspec:MSV000085944:skin_02_600_UB:scan:951	0.71	7	NoID
0.0	mzspec:MSV000083559:11713.Swab.Ctrl.3:scan:871	0.71	7	NoID
0.0	mzspec:MSV000082953:P2_A3:scan:1263	0.71	6	NoID
0.0	mzspec:MSV000086415:5689621:scan:885	0.71	6	NoID
0.0	mzspec:MSV000082953:P1_A2:scan:1252	0.71	6	NoID
0.0	mzspec:MSV000083559:11713.11.O.11D_rep:scan:904	0.71	6	NoID
-0.0	mzspec:MSV000086415:50302680:scan:913	0.71	6	NoID
0.0	mzspec:MSV000083300:BP000098432_p:scan:856	0.71	6	NoID
-0.0	mzspec:MSV000087087:5556732:scan:995	0.71	6	NoID
-0.0	mzspec:MSV000082891:20170406_10431116_Metabolomics_Sample32:scan:7185	0.71	6	NoID
-0.0	mzspec:MSV000088640:6035065:scan:815	0.71	6	NoID
0.0	mzspec:MSV000085944:skin_01_120_OF:scan:863	0.71	6	NoID
-0.0	mzspec:MSV000086209:20160906_pgk965_SloanSurfaceProject_Metabolomics_3-9:scan:4180	0.71	6	NoID
0.0	mzspec:MSV000083264:12850_POS:scan:3124	0.71	6	NoID
-0.0	mzspec:MSV000088137:2239:scan:914	0.71	6	NoID
-0.0	mzspec:MSV000088842:1C:scan:948	0.71	6	NoID
-0.0	mzspec:MSV000088842:28A:scan:972	0.71	6	NoID
0.0	mzspec:MSV000087612:67:scan:911	0.71	6	NoID
-0.0	mzspec:MSV000086415:20649389:scan:961	0.71	6	NoID
0.0	mzspec:MSV000082433:M-425:scan:736	0.71	6	NoID
0.0	mzspec:MSV000083559:11713.19.S.19D:scan:790	0.71	6	NoID
0.02	mzspec:MSV000088021:KB_2020_108:scan:384	0.71	6	NoID
-0.0	mzspec:MSV000088842:5B:scan:861	0.71	6	NoID
0.0	mzspec:MSV000083300:BP000098335_p:scan:857	0.71	6	NoID
0.0	mzspec:MSV000083300:BP000096921_p:scan:829	0.71	6	NoID
-0.0	mzspec:MSV000088842:2E:scan:869	0.71	6	NoID
-0.0	mzspec:MSV000086415:14641578:scan:919	0.71	6	NoID
-0.0	mzspec:MSV000085944:skin_05_30_UB:scan:955	0.71	6	NoID
-0.0	mzspec:MSV000088842:15D:scan:852	0.71	6	NoID
0.0	mzspec:MSV000083300:BP000097179_p:scan:846	0.71	6	NoID
-0.0	mzspec:MSV000082953:6-mix_mid_180919094403:scan:2320	0.71	6	NoID
-0.0	mzspec:MSV000088021:KB_2020_51:scan:1148	0.71	6	NoID
-0.0	mzspec:MSV000088842:38B:scan:871	0.71	6	NoID
-0.0	mzspec:MSV000088842:23A:scan:864	0.71	6	NoID
-0.0	mzspec:MSV000088842:19E:scan:879	0.71	6	NoID
0.0	mzspec:MSV000088137:2042:scan:889	0.71	6	NoID
0.0	mzspec:MSV000083559:11713.11.F.11B:scan:884	0.71	6	NoID
-0.0	mzspec:MSV000088842:30D:scan:974	0.71	6	NoID
0.0	mzspec:MSV000083559:11713.19.F.19E:scan:822	0.71	6	NoID
0.0	mzspec:MSV000082953:P2_B9:scan:1036	0.71	6	NoID
0.0	mzspec:MSV000086415:21123636:scan:890	0.71	6	NoID
-0.0	mzspec:MSV000082953:blank_noSwab_mid_180918182258:scan:2451	0.71	6	NoID
0.0	mzspec:MSV000079706:group3_P2_C4:scan:878	0.71	6	NoID
0.0	mzspec:MSV000079697:group3_P2_C4:scan:878	0.71	6	NoID
0.0	mzspec:MSV000083559:11713.Std.Mix.5.P6.WRA1:scan:3980	0.71	6	NoID
-0.0	mzspec:MSV000085944:skin_08_90_OF:scan:945	0.71	6	NoID
0.0	mzspec:MSV000083300:BP000098431_p:scan:866	0.71	6	NoID
0.0	mzspec:MSV000082433:180:scan:733	0.71	6	NoID
0.0	mzspec:MSV000082433:182:scan:814	0.71	6	NoID
0.0	mzspec:MSV000083559:11713.16.F.16A:scan:870	0.71	6	NoID
0.0	mzspec:MSV000088137:2106:scan:837	0.7	7	NoID
0.0	mzspec:MSV000079697:group4_P1_D1:scan:921	0.7	7	NoID
0.0	mzspec:MSV000088137:mars00036:scan:933	0.7	7	NoID
0.0	mzspec:MSV000083559:11713.21.S.21F:scan:868	0.7	7	NoID
0.0	mzspec:MSV000086415:94974890:scan:911	0.7	7	NoID
0.0	mzspec:MSV000086415:20537160:scan:914	0.7	7	NoID
0.0	mzspec:MSV000086415:20331760:scan:898	0.7	7	NoID
-0.0	mzspec:MSV000085944:skin_11_360_FH:scan:960	0.7	7	NoID
-0.0	mzspec:MSV000088137:mars00031:scan:922	0.7	7	NoID
-0.0	mzspec:MSV000086415:97411796:scan:904	0.7	7	NoID
0.0	mzspec:MSV000086415:41417981:scan:903	0.7	7	NoID
0.0	mzspec:MSV000086415:54458919:scan:866	0.7	7	NoID
0.0	mzspec:MSV000083559:11713.19.O.19G:scan:776	0.7	7	NoID
-0.0	mzspec:MSV000088137:2154:scan:924	0.7	7	NoID
0.0	mzspec:MSV000086415:12788806:scan:915	0.7	7	NoID
-0.0	mzspec:MSV000088021:KB_2020_141:scan:1174	0.7	7	NoID
0.0	mzspec:MSV000079712:group4_P1_D1:scan:921	0.7	7	NoID
0.0	mzspec:MSV000083300:BP000097002_p:scan:951	0.7	7	NoID
0.0	mzspec:MSV000079707:group3_P1_D8:scan:816	0.7	7	NoID
0.0	mzspec:MSV000083559:11713.16.S.16C:scan:801	0.7	7	NoID
0.0	mzspec:MSV000079697:group3_P1_D8:scan:816	0.7	7	NoID
0.0	mzspec:MSV000088137:2031:scan:812	0.7	7	NoID
0.0	mzspec:MSV000083300:BP000096937_p:scan:950	0.7	7	NoID
0.0	mzspec:MSV000079707:group3_P1_E1:scan:890	0.7	7	NoID
-0.0	mzspec:MSV000088137:mars00103:scan:977	0.7	7	NoID
0.0	mzspec:MSV000079697:group3_P1_E1:scan:890	0.7	7	NoID
-0.03	mzspec:MSV000079714:group4_P2_D11:scan:994	0.7	7	NoID
-0.0	mzspec:MSV000088137:donotuse3_12B:scan:995	0.7	7	NoID
-0.0	mzspec:MSV000082312:SD_01-2018_28_a:scan:1296	0.7	7	NoID
0.0	mzspec:MSV000083559:11713.11.O.11D:scan:818	0.7	7	NoID
0.0	mzspec:MSV000088137:2083:scan:886	0.7	7	NoID
-0.0	mzspec:MSV000088640:6034695:scan:951	0.7	7	NoID
0.0	mzspec:MSV000080905:P4_EMP_77:scan:800	0.7	7	NoID
0.0	mzspec:MSV000087948:CMI_YB7_05ul:scan:907	0.7	7	NoID
0.0	mzspec:MSV000079710:group1_P2_C2:scan:1038	0.7	7	NoID
0.0	mzspec:MSV000079697:group1_P2_C2:scan:1038	0.7	7	NoID
-0.0	mzspec:MSV000083475:7D11_8_40_song-53-s014-a04:scan:865	0.7	7	NoID
-0.03	mzspec:MSV000079697:group4_P2_D11:scan:994	0.7	7	NoID
-0.0	mzspec:MSV000083475:7G10_8_70_song-52-s006-a04:scan:855	0.7	6	NoID
-0.0	mzspec:MSV000088842:38D:scan:867	0.7	6	NoID
0.0	mzspec:MSV000088137:2216:scan:890	0.7	6	NoID
-0.0	mzspec:MSV000088842:18B:scan:962	0.7	6	NoID
0.0	mzspec:MSV000085944:skin_09_1440_OF:scan:893	0.7	6	NoID
-0.04	mzspec:MSV000083631:190617_190418_SIRIUS:scan:2025	0.7	6	NoID
0.0	mzspec:MSV000083559:11713.5.S.5G:scan:780	0.7	6	NoID
-0.0	mzspec:MSV000088842:41B:scan:979	0.7	6	NoID
-0.0	mzspec:MSV000088842:23C:scan:862	0.7	6	NoID
-0.0	mzspec:MSV000088842:27E:scan:863	0.7	6	NoID
-0.0	mzspec:MSV000085944:skin_04_480_FH:scan:968	0.7	6	NoID
0.0	mzspec:MSV000083559:11713.5.O.5F:scan:809	0.7	6	NoID
-0.0	mzspec:MSV000088842:41A:scan:966	0.7	6	NoID
0.0	mzspec:MSV000082433:520:scan:839	0.7	6	NoID
0.0	mzspec:MSV000082433:168:scan:888	0.7	6	NoID
-0.0	mzspec:MSV000083320:99292:scan:1209	0.7	6	NoID
0.0	mzspec:MSV000083300:BP000096818_p:scan:855	0.7	6	NoID
-0.0	mzspec:MSV000085944:skin_07_480_OF:scan:1002	0.7	6	NoID
-0.04	mzspec:MSV000082891:20170406_10431116_Metabolomics_Sample15:scan:7300	0.7	6	NoID
-0.0	mzspec:MSV000082953:P5_C8:scan:1260	0.7	6	NoID
-0.0	mzspec:MSV000088137:2178:scan:917	0.7	6	NoID
-0.0	mzspec:MSV000080905:P2_EMP_91:scan:818	0.7	6	NoID
0.0	mzspec:MSV000083475:7E2_8_43_thomas-19-s027-a02:scan:678	0.7	6	NoID
-0.0	mzspec:MSV000088842:29B:scan:869	0.7	6	NoID
-0.0	mzspec:MSV000082953:blank_noSwab_mid_180920020336:scan:2260	0.7	6	NoID
-0.02	mzspec:MSV000088021:KB_2020_68:scan:735	0.7	6	NoID
0.0	mzspec:MSV000083300:BP000097063_p:scan:850	0.7	6	NoID
-0.02	mzspec:MSV000088021:KB_2020_129:scan:736	0.7	6	NoID
0.0	mzspec:MSV000082433:M-469:scan:823	0.7	6	NoID
-0.0	mzspec:MSV000088137:mars00095:scan:913	0.7	6	NoID
0.0	mzspec:MSV000082433:308:scan:822	0.7	6	NoID
0.0	mzspec:MSV000082953:P2_A7:scan:1217	0.7	6	NoID
-0.0	mzspec:MSV000085944:skin_01_720_FH:scan:942	0.7	6	NoID
-0.0	mzspec:MSV000088842:9D:scan:871	0.7	6	NoID
-0.0	mzspec:MSV000088842:40E_20211120211720:scan:868	0.7	6	NoID
0.0	mzspec:MSV000083559:11713.10.S.10D:scan:791	0.7	6	NoID
0.0	mzspec:MSV000083559:11713.2.F.2H:scan:917	0.7	6	NoID
-0.0	mzspec:MSV000088137:mars00077:scan:906	0.7	6	NoID
0.0	mzspec:MSV000083541:Swab_Blank_03:scan:935	0.7	6	NoID
-0.0	mzspec:MSV000088842:19A:scan:967	0.7	6	NoID
0.0	mzspec:MSV000083475:7B8_8_17_jensen-43-s010-a04:scan:688	0.7	5	NoID
