Dataset	Frequency
MSV000080030	1
MSV000080178	2
MSV000080507	2
MSV000081067	1
MSV000081582	15
MSV000082083	116
MSV000082084	40
MSV000082085	2
MSV000082261	4
MSV000082433	6
MSV000083274	1
MSV000083522	2
MSV000083889	9
MSV000084112	4
MSV000084116	2
MSV000084152	24
MSV000084314	10
MSV000085561	3
MSV000085852	2
MSV000085870	1
MSV000086270	2
MSV000088021	126
MSV000088546	1
MSV000088645	1
MSV000088842	5
